662731200.0	-8.315761842958494	1.5833187325140706e-05	-0.00011868398368578604	6928137.0	0.0	1.5882496193148399	0.0	0.0	0.0	0.0020415725312457056	-1.749473398103404	0.0	1.0	-0.0	-0.017452406437283477	0.0	0.9998476951563913	0.9998476951563913	0.0	0.017452406437283477	-1.2213241697000242e-09	-1.2472785862521679e-09	-2.5954416552143816e-11	1.0	0.0	0.0	0.0	1.0	0.0	0.0	0.0	1.0	-0.08386845390363178	-1.1950234900710162e-16	1.5707963267948966	-0.08387325052086048	7.659709467837732e-17	0.0	6.586426422620576e-10	-3.165206438124134e-08	-1.5496710869489637e-09	-1.5826032190620665e-09	-3.293213211310288e-11	0.0	0.0	0.0
662731328.0	-8.233276478569577	0.020274653715068425	-1.1645441156632206	6927736.246174566	0.00019579062073559373	1.5882499454213013	1.9398346652122833	3.6500241499888574e-08	4.483488000152261	0.1421574515387063	-1.761269218913028	-0.1398679472044469	0.990170165852725	-3.6009371872897255e-08	-0.017281180064032738	-0.002441042217079797	0.9998476894649949	0.9900193524171175	0.13984664446486259	0.017452732494076445	-1.394575220393106e-09	-1.657083208235799e-09	-2.6465911484597957e-10	0.999999929541546	-6.445240992908656e-05	0.00036981453421938124	6.48552199638291e-05	0.9999994045951381	-0.001089313164158263	-0.0003697441051714121	0.0010893370718099043	0.9999993383168014	-0.08337856776695346	-0.00019005922138295436	1.7109438395961665	-0.0841214616191412	-0.002550648462096895	6.134943146469992e-09	7.215843275638121e-10	-3.753169819635522e-08	-1.836548665245176e-09	-2.1825941588730966e-09	-3.4216536961087374e-10	-1.7401501830124274e-05	-6.061639809943741e-06	-1.4049209510028678e-06
662731456.0	-7.98776780491855	0.040124154560534635	-2.3053769999335967	6926622.423605986	0.00040516427308352743	1.5882513495166632	2.272772411207388	3.4882724019049657e-07	4.290687356745984	0.28227218282920674	-1.7731666037346485	-0.27697468900729727	0.9608772146581422	-3.486770827791219e-07	-0.0167713785048308	-0.004834019009686566	0.9998476649586484	0.9607308377024019	0.2769325019043893	0.017454136375562552	-1.4597761062831577e-09	-1.9836864571438303e-09	-5.337040726783037e-10	0.999998581409257	-0.0004653553781608244	0.0016188341006703772	0.000472669847019282	0.9999896689171317	-0.004520911658169529	-0.0016167135458068141	0.004521670418912815	0.9999884703004998	-0.08196750780924444	-0.0003685501318216734	1.8502384608016695	-0.08504427798623794	-0.005675772045744932	1.335959365693116e-08	6.390329644136213e-10	-4.0769863397915253e-08	-1.989512561680235e-09	-2.7061048682870657e-09	-6.943454614775891e-10	-3.636683198098497e-05	-1.3661678261776073e-05	-5.3581255170797114e-06
662731584.0	-7.5845149666249565	0.05916776040769908	-3.3996738736251215	6924885.618790249	0.000634382408070648	1.5882536958421682	2.582539854622591	1.218984206689526e-06	4.121056953063606	0.42238492834939123	-1.7852829428693564	-0.40861705129856896	0.912705924921372	-1.2188380145941774e-06	-0.01593313282541179	-0.007131904070126459	0.9998476240021288	0.9125668417526633	0.4085548072875381	0.017456482343591876	-1.4329708201886e-09	-2.2169095166438014e-09	-8.075327720819956e-10	0.9999911187471426	-0.0015318017628657714	0.003926322732194835	0.0015725845365560265	0.9999446293179344	-0.010405060119678025	-0.003910166839593097	0.010411142184122285	0.9999381574446035	-0.07973029489100646	-0.0005252722876356354	1.9885365695011246	-0.08666602921938663	-0.010016731693221034	2.0727614764190433e-08	3.916102541655022e-10	-4.113489143183603e-08	-1.9995328331950525e-09	-3.099907522782321e-09	-1.0370636791006007e-09	-5.556494190909446e-05	-2.242595861681161e-05	-1.2025900000823451e-05
662731712.0	-7.03208568839427	0.07702896490487508	-4.425653676231031	6922663.998011974	0.0008811895300364645	1.5882567565872299	2.8674791035314695	2.865869482648783e-06	3.976255174414135	0.562494795495726	-1.7977763957995803	-0.5322044942417142	0.8466158374969788	-2.8654033208592343e-06	-0.014783050047592236	-0.00928962152495499	0.9998475705642403	0.8464867617040515	0.5321234129703488	0.017459542622187667	-1.3312797096439715e-09	-2.3564262854097483e-09	-1.0677953779458368e-09	0.9999659383699491	-0.0035902162029640503	0.007431853572502773	0.003728606133642085	0.9998183395280097	-0.01869185490403859	-0.007363395698135097	0.01871892868380665	0.9997976705877661	-0.07684174894923254	-0.0006516201894867471	2.1257364578760325	-0.08879210247370618	-0.016178537742129098	2.7351957066435747e-08	1.7239436153826688e-12	-3.880888513873074e-08	-1.8799221154831006e-09	-3.3349926462951866e-09	-1.3250908431506326e-09	-7.389884211087448e-05	-3.19655204061115e-05	-2.1361868553153967e-05
662731840.0	-6.342045530461404	0.09335937721289973	-5.363182333365202	6920132.348312721	0.001135631335445728	1.5882602384590443	3.1298505465137176	5.4192923588307305e-06	3.8540225203000955	0.7026005700595263	-1.8108872635971482	-0.6453112388916333	0.7639197634115678	-5.418465594245128e-06	-0.013343845198325441	-0.011264946987033468	0.9998475097557139	0.7638032120615025	0.6452129075263403	0.017463023963156493	-1.1665409890352066e-09	-2.3978947724344664e-09	-1.2960020352841758e-09	0.9999010260096085	-0.0069397265893574	0.012238397762664038	0.007294619629352782	0.9995470839191213	-0.02919615648067629	-0.012030241452077147	0.029282541277116658	0.9994987774214427	-0.07359220857644319	-0.0007411546659544767	2.261769977228132	-0.09105502408786222	-0.024667173527223137	3.2727845607449394e-08	-4.772065493011587e-10	-3.4488897832306924e-08	-1.6693349606921982e-09	-3.4257416979383556e-09	-1.536695975147564e-09	-9.046186681161797e-05	-4.1883735107919644e-05	-3.3141932899597646e-05
662731968.0	-5.528596702632067	0.10784530604359824	-6.194169196792937	6917488.089902029	0.0013824277512919795	1.5882638192712992	3.3734303390518194	8.906956427701837e-06	3.7505841712864276	0.8427000217219704	-1.8250235650398239	-0.7457239317431233	0.6662550694338226	-8.905598944215815e-06	-0.011643853719600559	-0.013019332285791801	0.999847447192515	0.6661533144075273	0.7456102731592185	0.017466604229260597	-9.499990095962266e-10	-2.3342849621297677e-09	-1.4705333643103283e-09	0.99976050689246	-0.011829641614620957	0.018411638639757286	0.012587681305484696	0.9990543995348379	-0.04161558661650727	-0.017901931110439636	0.0418373798098554	0.9989640406506948	-0.07046867186421263	-0.0007900094185723392	2.396595480527794	-0.09295835545609635	-0.03584657817131861	3.687805750613769e-08	-9.903309492545119e-10	-2.906682431044619e-08	-1.4145608234115843e-09	-3.4209836955532216e-09	-1.678145119677565e-09	-0.0001044920280849989	-5.175782160061531e-05	-4.6942052336077054e-05
662732096.0	-4.608177090701656	0.12021281860827213	-6.902868474800647	6914935.935932486	0.0016036480631708473	1.5882671874750982	3.6021016709466753	1.3256281036554227e-05	3.662058729223768	0.9827881181875131	-1.8409661764811314	-0.8314839109246973	0.5555488328650278	-1.3254259403913642e-05	-0.009716441533122728	-0.014518638313011643	0.9998473883075703	0.5554638571836186	0.8313571455420596	0.017469971919131685	-6.991765060118082e-10	-2.1674233668006476e-09	-1.5719875165978814e-09	0.9994925926584731	-0.01843558393699304	0.02597472744314417	0.01985642819174829	0.9982584891800207	-0.0555491767669731	-0.024905410663337527	0.056036756017140796	0.998118030342487	-0.06835605942471687	-0.000797110529378218	2.530192291919538	-0.09391615263515163	-0.04991311587711368	3.98126183336062e-08	-1.4890649448514233e-09	-2.3010574796019475e-08	-1.140033965389118e-09	-3.3457215580533068e-09	-1.7559639783984608e-09	-0.00011541041543202155	-6.114864616103759e-05	-6.212552641388355e-05
662732224.0	-3.599048095092132	0.13023137841636112	-7.476089708834605	6912672.363697499	0.0017811656897734284	1.5882700769385145	3.8193019407446633	1.8312108471702198e-05	3.5850110035746168	1.122851847647602	-1.860456322246602	-0.9009234548198171	0.4339780273473465	-1.8309308847346823e-05	-0.007599330493632854	-0.01573376562557915	0.9998473377447619	0.4339114872085937	0.9007860569518964	0.017472860941509374	-4.409182246394898e-10	-1.9251379525004686e-09	-1.5982575339959937e-09	0.9990301613574419	-0.026840867180352362	0.03490421961783638	0.029252623366034618	0.9970807486769492	-0.07052846690535314	-0.032909280215896494	0.07148110566311389	0.9968989070155762	-0.0691209992329046	-0.0007641984118226683	2.662552354778588	-0.09329427800183815	-0.06688621144442214	4.10282262284736e-08	-1.9047241252326434e-09	-1.6432325685294443e-08	-8.503448969243818e-10	-3.175509829516517e-09	-1.7550572678131119e-09	-0.00012293327536064074	-6.967369662942856e-05	-7.793425570929149e-05
662732352.0	-2.5208942498807656	0.1377162890944434	-7.903330128992432	6910870.972929456	0.0018987533165358908	1.588272290772578	4.02793226814492	2.386472953594303e-05	3.5165424148816866	1.2628510005098956	-1.8883818278349747	-0.9526956825351021	0.3039258723926359	-2.3861081449565748e-05	-0.005333856124622831	-0.016641177085511324	0.9998472989432189	0.30387906551425653	0.9525503321691635	0.017475074437561508	-2.0192507715491388e-10	-1.6603122364488355e-09	-1.5738537630734275e-09	0.9982939163091319	-0.03703910600169738	0.04513713866397684	0.04082503833480659	0.9954527674045726	-0.0860645345745822	-0.04174413617668497	0.08776042669206267	0.9952665645954804	-0.07779432214999281	-0.0006956527397626191	2.7936632226047697	-0.09046382036172886	-0.08661434181137279	3.99407938464238e-08	-2.1537098704105885e-09	-9.68713285543565e-09	-5.579880160933382e-10	-2.8851960445873556e-09	-1.6591709187969871e-09	-0.00012714839440474587	-7.71249504337909e-05	-9.37236786454025e-05
662732480.0	-1.3944495620087212	0.1425302409506456	-8.176847438913994	6909669.677599962	0.0019437887829478614	1.5882737111352707	4.230468565666657	2.9681695510139803e-05	3.4541797990198093	1.4026034588539964	-1.945842340823588	-0.985798006322659	0.16793537402684694	-2.9677160919512135e-05	-0.002964172875105908	-0.017223310448984404	0.9998472739655514	0.16790921478417242	0.9856475372706214	0.01747649458334619	6.3923235770790325e-12	-1.4188755382908273e-09	-1.532973603550248e-09	0.9971959516120052	-0.048965468495785494	0.056591668853423246	0.0545463272908131	0.9933191903767761	-0.10169407164780865	-0.051234092826074065	0.10449578424134813	0.993204761772755	-0.1156323594847188	-0.000598131763540952	2.9234854355913478	-0.08486539179361609	-0.10879426669002089	3.668647388261595e-08	-2.1937416031563235e-09	-3.4943394591230316e-09	-2.907954770248137e-10	-2.5013878130989405e-09	-1.4826442085654005e-09	-0.00012840694708741914	-8.351299255910169e-05	-0.00010916424879205128
662732608.0	-0.24115633439386808	0.14458427058753223	-8.291693787115836	6909160.532257522	0.0019085524260455966	1.5882742957494733	4.4291664544390565	3.5536220359629876e-05	3.3956703348900557	1.538550343811098	-2.4245752883780667	-0.9995891904595426	0.028660932538892785	-3.5530791092278626e-05	-0.0005364201560630272	-0.01746888118940868	0.9998472635574928	0.028655934286849694	0.9994365358220558	0.017477079108260376	1.8862112800052544e-10	-1.2132222613166058e-09	-1.492886215727354e-09	0.995641587098419	-0.06253680406650307	0.06918799156854545	0.07035292011013754	0.990636837692229	-0.11700052324291917	-0.06122333437601969	0.12135816389632824	0.9907188800984839	-0.5745387771248314	-0.00048004859243444114	3.0519401065494227	-0.07606246432569519	-0.13299951935011078	3.2178674361649235e-08	-2.0559485783174724e-09	1.5453212968834856e-09	-7.274997874381068e-11	-2.091749637012074e-09	-1.2680416820430455e-09	-0.00012709557242337078	-8.897355550011764e-05	-0.000124199418996259
662732736.0	0.9171468493193505	0.14383840424660282	-8.24573027258715	6909382.841222946	0.001791091638771717	1.5882740651773628	4.626363275030748	4.122691909834638e-05	3.3386793544865223	1.456357439379826	1.4328120227114107	-0.9938001425384029	-0.1111812708665914	-4.122062260637257e-05	0.0019021394342192074	-0.01737307689210449	0.9998472673688086	-0.1111650059875988	0.9936482784203828	0.01747684857136602	3.557744725304199e-10	-1.0565340528458555e-09	-1.4781163779210377e-09	0.9935300716958619	-0.07767303785257708	0.08285466689793336	0.0881671438591161	0.987373054509845	-0.13160929287715398	-0.07158597194801011	0.13806284952386974	0.9878330315400513	-2.980477683623095	-0.0003509185443703305	-3.104267210857509	-0.06376351402010766	-0.15871364749170758	2.8194159490444092e-08	-1.8597771602920908e-09	5.448685379803794e-09	9.356605050612438e-11	-1.7636696149484094e-09	-1.0861424741055468e-09	-0.0001234971723073802	-9.365246443936162e-05	-0.0001388783206883383
662732864.0	2.058519061982093	0.14030216907700768	-8.039636514905126	6910320.0327830985	0.001595635926213666	1.5882730867120418	4.8250039525532795	4.658680457239642e-05	3.2802642879607795	1.3168789520464985	1.338242477369523	-0.9685385568576271	-0.24886354033983663	-4.657968900144103e-05	0.004303999616525558	-0.016937644409855887	0.9998472842335204	-0.24882632390373383	0.968390445270588	0.017475870255479323	5.28842211466389e-10	-9.457454027821328e-10	-1.5057722172010866e-09	0.990750829274839	-0.09433216458740554	0.09754095045401855	0.10793377835709497	0.9835026005284299	-0.145165196391481	-0.08223803123117775	0.15435050203374912	0.9845876440120247	-3.05532792081726	-0.00022062286691629539	-2.9788944942717133	-0.04785597592370422	-0.1853626348918245	2.5918800921727884e-08	-1.6915117092350602e-09	9.02271857939456e-09	2.382118002465246e-10	-1.5735864953379986e-09	-9.792951129311816e-10	-0.00011765665222440828	-9.783011364727521e-05	-0.00015374936862255127
662732992.0	3.161209194878015	0.13403503363997202	-7.67692217796496	6911900.586445131	0.0013325820989010834	1.5882714605815524	5.029819004684525	5.148292105610265e-05	3.215696468437396	1.1768532633186017	1.3035771992242957	-0.9242874628101676	-0.3816971095545019	-5.147505795502723e-05	0.006622298100301773	-0.01617086992001879	0.9998473124102003	-0.3816396615392768	0.9241459947020105	0.017474244373300883	6.92996867209342e-10	-7.849367310457885e-10	-1.4650849259245267e-09	0.9871807776489179	-0.11250838308156418	0.11320766748259486	0.12961626954006433	0.9790069261116107	-0.15730563021078658	-0.09313288844975848	0.1699626499024634	0.9810397355495533	-3.070582428808312	-9.864359888431013e-05	-2.855245053714035	-0.028401897445020103	-0.2123538475758167	2.34928800098735e-08	-1.4306822576504834e-09	1.2246833276774901e-08	3.704756187690804e-10	-1.396616500042193e-09	-8.738302762700887e-10	-0.00010956366398228706	-0.0001014454802796017	-0.00016857908435617423
662733120.0	4.203964252075645	0.12514669606544582	-7.163937936745792	6914003.065928561	0.0010181912389547604	1.5882693121633702	5.250748213340451	5.581089834110173e-05	3.1350372900611654	1.0366925227158694	1.281744037120698	-0.8618976322678497	-0.5070823092725374	-5.580237942386504e-05	0.008811702361669742	-0.015087450544119002	0.9998473497177297	-0.5070057449305324	0.8617655716370374	0.01747209628311221	8.236186805026884e-10	-5.812893081774952e-10	-1.3407527475307798e-09	0.9827013393321218	-0.13212914488231262	0.12976889745822345	0.15308746050123526	0.9738806668964123	-0.16769220638622986	-0.10422239256578597	0.1846573467752313	0.9772611509569974	-3.0734741712112936	6.669800800677464e-06	-2.733368909285897	-0.0055149543837150075	-0.23910842409900598	2.0751150231829212e-08	-1.067565983269283e-09	1.5045861049407528e-08	4.902798499438992e-10	-1.2202860465263647e-09	-7.627750021927901e-10	-9.949697645452562e-05	-0.00010429605313071294	-0.0001825890760156233
662733248.0	5.166369006767721	0.11379699845886723	-6.509873784159854	6916465.030571457	0.0006747248328863103	1.5882667908178494	5.516569313707529	5.948977279873902e-05	3.009509379562692	0.8964665171959322	1.2647261490643298	-0.7825737058146605	-0.6225579422267106	-5.948069480066465e-05	0.01082928197838574	-0.01370825487548397	0.9998473935556873	-0.6224637512492932	0.7824536358907872	0.017469575322416005	9.024804339010473e-10	-3.646418589011188e-10	-1.1481579839048924e-09	0.9772143741412409	-0.15303117298425378	0.14708340173794696	0.1781082658278716	0.968132360082677	-0.17606015734553357	-0.11545350845916781	0.19824528608723388	0.9733289751819061	-3.072168648568355	8.874095769104477e-05	-2.6132379940426254	0.020693050809564732	-0.2650656962523211	1.746223644726752e-08	-5.971803095347563e-10	1.711048030698979e-08	5.885022311497825e-10	-1.028573810906757e-09	-6.364993233071099e-10	-8.803486644267204e-05	-0.00010626049815374085	-0.00019499974584897338
662733376.0	6.0292253246095955	0.10019513720821636	-5.726724690768444	6919095.285989403	0.0003371780358284625	1.5882640728380537	5.9645775785375585	6.246160461902088e-05	2.7018169159867282	0.756197727899589	1.2500149741950772	-0.6878538481073768	-0.725849212814626	-6.245207493481799e-05	0.012635353656340274	-0.012059969243565742	0.999847440852765	-0.7257392310478007	0.6877481206068339	0.0174668577573323	9.315527851078522e-10	-1.699805882150745e-10	-9.283766049471189e-10	0.9706529582933439	-0.17497837279766174	0.16497091746566334	0.2043544698820207	0.9617813313676498	-0.18225235601195774	-0.12677572794355585	0.2106163329035847	0.9693135071372048	-3.0693069109789657	0.0001432591124417705	-2.494754614439475	0.050125322145776294	-0.28967281781732246	1.3700489109199784e-08	-4.792886043183889e-11	1.8151997761834123e-08	6.546264963302062e-10	-8.219431602004407e-10	-4.962593154079118e-10	-7.588791847230453e-05	-0.00010735808295897972	-0.0002053085806237642
662733504.0	6.774969231355276	0.08459778788567657	-4.829199318172016	6921688.621059756	0.00017546484523094878	1.588261363926877	1.226477331570171	6.469811867216798e-05	1.2970687673253742	0.6158967687331133	1.2365679053289376	-0.5795827724769697	-0.8149133731037548	-6.468825121514285e-05	0.014194282362748707	-0.010174627370545369	0.999847488023087	-0.8147897472330613	0.5794934609592511	0.017464149259355428	9.417138802160856e-10	-1.502603641975333e-11	-7.322481081760141e-10	0.9629815813178613	-0.19771000502446184	0.1832409014269973	0.23147427105425122	0.9548535839441182	-0.18621035166976044	-0.13815258188848414	0.22173269299383905	0.9652711934867039	-3.066044056555825	0.00016848096382478017	-2.3777629929975355	0.08266839433422848	-0.312367673537302	1.0064989211759925e-08	5.567081141727037e-10	1.864027251127118e-08	7.055995023574797e-10	-6.304470507778979e-10	-3.6216618540554366e-10	-6.348337073730925e-05	-0.00010773113053454609	-0.00021355395874986466
662733632.0	7.388112084873463	0.0673057894859031	-3.8345480869431827	6924041.905198612	0.0003995624712348738	1.5882588962329396	2.235852880486376	6.621332780187726e-05	0.42804880260513767	0.47557059132254476	1.2238684678739633	-0.4598781054679732	-0.887982051467438	-6.620323313585794e-05	0.015475219445051074	-0.008089023564628726	0.9998475310170538	-0.887847197266689	0.45980696381139263	0.01746168194171249	9.287362617154216e-10	1.0693235456069982e-10	-5.501025662675157e-10	0.9541879846267775	-0.22098945234421075	0.2017150265758468	0.2591408617281098	0.9473798848069876	-0.1879291559229476	-0.14957039739434222	0.2315923483531023	0.9612459000732299	-3.0629853303800885	0.0001653165858391854	-2.2620505201304417	0.1181384677411331	-0.3325683032653245	6.503530589676047e-09	1.1659603346764997e-09	1.8255246208764868e-08	7.269072084285015e-10	-4.462048782828271e-10	-2.3046558937308933e-10	-5.110915777590442e-05	-0.00010752911064671726	-0.00021991109990358276
662733760.0	7.855681364009764	0.04865913991391041	-2.7622927921528757	6925970.233734944	0.0006354192089251748	1.5882569164166513	2.585818079613407	6.707825531394448e-05	0.21845456269220542	0.3352250384295452	1.211625559662404	-0.33109029458522743	-0.943599073936249	-6.706802966877539e-05	0.016452756926753107	-0.0058440137301146835	0.9998475655283816	-0.9434556288564802	0.3310387215571247	0.017459702427246225	8.997487416329783e-10	1.9946219993356042e-10	-3.863769222845119e-10	0.9442821449892939	-0.24460216866495507	0.22022944793741617	0.28705451859772046	0.9393940201022696	-0.1874528696732265	-0.16103084799829248	0.24022625601814962	0.9572671580663641	-3.060483091142125	0.0001371944160303509	-2.147339188900721	0.15628900756284203	-0.34967441666483823	3.3222134999007976e-09	1.7687761172646182e-09	1.7484040077853044e-08	7.353638087119936e-10	-2.8395750384679997e-10	-1.1100285248016182e-10	-3.901637330652925e-05	-0.00010688274421360768	-0.0002245494591890395
662733888.0	8.167628968395464	0.02903022890848411	-1.6338503558755522	6927321.748688084	0.0008042391096091967	1.5882556640047458	2.8324042136808085	6.743222461511617e-05	0.112250738329577	0.19486574124342337	1.1996556047943616	-0.19575657594626936	-0.9806525166582062	-6.74219480895674e-05	0.017107476931346614	-0.0034837138754665446	0.9998475873705339	-0.9805032877083257	0.1957255867523725	0.017458450206235102	8.582870482137224e-10	2.666048902446528e-10	-2.409870985525697e-10	0.9332933252230631	-0.2683575355032747	0.23863738649399965	0.3149469513757738	0.9309317423788931	-0.1848634870668196	-0.17254560821181122	0.2476899759174902	0.9533507690859694	-3.058750473187445	8.97205276107495e-05	-2.0332787858998618	0.19680864078849053	-0.3630640868294938	5.226334957628528e-10	2.3926389159297303e-09	1.6650414425093947e-08	7.439935136031626e-10	-1.4258795618537953e-10	-2.8632583376084264e-12	-2.7393854572330418e-05	-0.00010590593013313032	-0.0002276513363683625
662734016.0	8.317172296848476	0.00881544577972997	-0.47205636914219906	6927989.848176858	0.0008875533620541483	1.5882553425407155	3.0509063391101083	6.748534380306197e-05	0.03413770281436247	0.05449840918725357	1.1878286769320814	-0.05654987252216898	-0.9983997733197073	-6.747505796243416e-05	0.017426376782672965	-0.001054611777777461	0.9998475929791631	-0.9982476813446425	0.056540078078785694	0.01745812879119819	8.119209134961069e-10	3.152495015185004e-10	-1.1465300456374905e-10	0.921266841765317	-0.29208874189508205	0.2568103835944069	0.3425827758349703	0.922029958527613	-0.1802714544202011	-0.18413160501381826	0.2540569275491544	0.9495001998943018	-3.057910144329626	3.0164997171704764e-05	-1.9194415843875674	0.23931821603491685	-0.37208970214857784	-2.0091850280811814e-09	3.0407869130253497e-09	1.5676419179080886e-08	7.499445361942626e-10	-1.3183414775662033e-11	9.86746572326799e-11	-1.6362950968618458e-05	-0.0001046920206241633	-0.00022940304536059883
662734144.0	8.301036450834482	-0.011574491981230953	0.69939265663374	6927921.726369332	0.0008780862967959911	1.5882560887438968	3.2633891719718657	6.75085378244404e-05	6.245231148224236	-0.08587113665412294	1.176039826097554	0.08377616322028643	-0.9964845959271394	-6.749824932309748e-05	0.017403153842531698	0.001395386844218511	0.9998475799500082	-0.996332617509043	-0.08376456873571736	0.01745887488064973	7.714704273050913e-10	3.595971726272329e-10	-3.65508668955365e-12	0.9082607478556102	-0.3156530714803014	0.2746371285347619	0.3697588666584194	0.9127275563875676	-0.17380100212099117	-0.19580805507498628	0.25940614155380215	0.9457101349208011	-3.058015988054982	-3.317870931004852e-05	-1.805317316366168	0.2833591414112184	-0.3760735259656428	-4.2492826288758855e-09	3.647039558836089e-09	1.4268020612105892e-08	7.384029497092616e-10	1.0760220478952349e-10	1.9240603896350263e-10	-5.916228017512234e-06	-0.0001032908092539635	-0.00022998204034645022
662734272.0	8.119574197087264	-0.03172497605790192	1.8565484279349191	6927122.528871472	0.0007765720006245775	1.588257946235079	3.4846710502829437	6.781066925013733e-05	6.164337132456164	-0.2262370386178949	1.1641903877784259	0.22244446798278328	-0.9749453595289181	-6.780033240899182e-05	0.017038339311778748	0.003817951735509203	0.9998475474981383	-0.9747964678112827	-0.2224117109721831	0.01746073208868712	7.422097528750337e-10	4.1657731106558713e-10	1.0401296573905276e-10	0.8943452756223351	-0.3389285033843752	0.2920171186174483	0.3962968057891335	0.903069405614313	-0.16557321753454296	-0.20759424291954515	0.26380507621544896	0.9419721397523506	-3.0590612445347416	-9.170764258486251e-05	-1.6903072468120324	0.32837458557441473	-0.3743046416510882	-6.03685813122771e-09	4.122138017918109e-09	1.2327627963997464e-08	7.001837867154402e-10	2.1451096234419132e-10	2.7115243928595976e-10	4.070196398714483e-06	-0.00010168409987149646	-0.00022948697928346456
662734400.0	7.776752283040448	-0.05122810144799534	2.9758347466763846	6925654.818553173	0.0005919056014866782	1.5882608499787267	3.7410665387255166	6.870541819677728e-05	6.048321560660069	-0.3665935030228864	1.1521716148433878	0.3567125772306163	-0.9342141791508501	-6.869494154704513e-05	0.01633927649022428	0.006165332415317108	0.9998474967313689	-0.9340712849077781	-0.3566592998222702	0.017463635389584883	7.332375524095977e-10	5.178523960585093e-10	2.3077004023222599e-10	0.8796078196995094	-0.36180270611090753	0.30885091124084396	0.42202767755516285	0.8931124793743278	-0.1557007982100167	-0.21950563295931821	0.2672992724207552	0.9382794765220349	-3.0609775485745048	-0.0001372403060086165	-1.5737211133908693	0.3736942209443624	-0.36603963763203556	-7.655690356971426e-09	4.690060372799583e-09	1.061323200354607e-08	6.767621048470539e-10	3.1738729043435916e-10	3.479162205359421e-10	1.373527262302281e-05	-9.978822801255116e-05	-0.00022787000383879232
662734528.0	7.280006173681142	-0.06969279730864422	4.034647970834007	6923633.468798542	0.0003461660297573252	1.5882646255555908	4.137580517877271	7.047343461975178e-05	5.792175099468003	-0.50693485703838	1.139844553740784	0.4839296078349903	-0.8751069247215925	-7.046268354871214e-05	0.015319945642142061	0.008391344127333224	0.9998474306659284	-0.8749728189642203	-0.48385685450146715	0.017467410390545716	7.882726586607558e-10	7.823961229225245e-10	4.505126666625871e-10	0.8641738504559237	-0.3841483861261839	0.3250131899243956	0.44675435311446104	0.8829472270047876	-0.14427315168746946	-0.23154719640164595	0.2698781424295128	0.9346398686538753	-3.0636243572373254	-0.0001627100934144827	-1.4547601713337281	0.41848963613240353	-0.35049649092826607	-1.1017857182952333e-08	6.527791122726114e-09	1.0890313933765983e-08	8.069624545435996e-10	5.032673756024764e-10	5.147485006809156e-10	2.3806283494322068e-05	-9.711055113617843e-05	-0.00022455439828628006
662734656.0	6.639978010181334	-0.0867539459368033	5.011899614280872	6921216.483932854	0.00016447965948773285	1.5882690042922838	5.483228879965455	7.332648699722064e-05	4.586877995038116	-0.647255471255272	1.127007495958412	0.6015905804367615	-0.7988045869639382	-7.331529491995957e-05	0.014000643897036789	0.010452307762289718	0.9998473539660496	-0.7986818862978105	-0.6014997764819323	0.017471788459021195	8.100970252391516e-10	1.1102232873154187e-09	7.567153223578469e-10	0.8482561397390864	-0.40577482281040167	0.34030620706671033	0.4701833635173073	0.872739349272577	-0.1313530848622545	-0.24369884297323863	0.2714273777725197	0.9310950824319923	-3.0667628667217626	-0.0001627715386491633	-1.3324856621496928	0.4616996617266276	-0.32685143074563144	-1.548245629490617e-08	9.071868125818424e-09	1.0865530366427438e-08	9.734535287979717e-10	7.678392324046883e-10	7.460027429104635e-10	3.441351272892447e-05	-9.319510761090945e-05	-0.0002186277982203065
662734784.0	5.870162669755018	-0.10208007870864248	5.888474659433076	6918592.552989862	0.00040177062586686026	1.588273651977219	0.44422455795988464	7.738005287517237e-05	3.4830289053161865	-0.7875493738685893	1.1133325518681996	0.707386648914873	-0.7068267984104327	-7.736823563227981e-05	0.012407533878214076	0.012307919580300223	0.9998472724464802	-0.706717894240727	-0.7072795714315964	0.01747643543432936	7.778874814931842e-10	1.4876583624523667e-09	1.1521397991294826e-09	0.8321640120866219	-0.42641927181831185	0.354499170111634	0.4919553257538677	0.8627095408331115	-0.11709912731497162	-0.2558964916725168	0.27184343431001357	0.927695064540194	-3.0699974350881334	-0.00013427653630032586	-1.2059072774047492	0.5020935692270285	-0.29431589313091705	-2.182454067427832e-08	1.2824130717094948e-08	1.0329911360460792e-08	1.203296729090049e-09	1.1719562374706208e-09	1.087335411822235e-09	4.496968873258216e-05	-8.78109145899058e-05	-0.0002092178935040176
662734912.0	4.986492949329078	-0.11537941613663809	6.647589988102353	6915966.354751782	0.0007471894341386552	1.5882782062365566	0.8231673076169365	8.263894220724242e-05	3.2443964673874537	-0.9278091174565164	1.0982223082623617	0.7992500903772082	-0.6009985742120499	-8.262631394249763e-05	0.010572078533367259	0.013922031422824764	0.9998471924231953	-0.6009055867501224	-0.7991288324395167	0.017480988997938565	6.756102357560836e-10	1.902082483979433e-09	1.6364099114949296e-09	0.8163102221527994	-0.44574636308948556	0.36735242070979185	0.5116692560735321	0.8531285539741378	-0.10181474737558949	-0.2680152861275001	0.27107535886998896	0.9244922694190044	-3.0726362978346584	-7.658589671560317e-05	-1.0740805445158241	0.5382627367400865	-0.25222255326977466	-3.049446926969043e-08	1.813351270416727e-08	8.438977016158377e-09	1.4927295796883414e-09	1.7776728800010382e-09	1.5741887336551898e-09	5.465615216332915e-05	-8.077245566600576e-05	-0.00019542851999560472
662735040.0	4.006896526852591	-0.12640421070014196	7.275049249779501	6913542.748646156	0.0010889661925016874	1.5882823162528477	1.0738932458745793	8.89977687669769e-05	3.133957982212766	-1.0680225150376579	1.0804293182732745	0.8753932407425932	-0.48341148739350315	-8.898416369210478e-05	0.008530381712239068	0.015263327671084131	0.9998471200219804	-0.48333622526148806	-0.8752601697120727	0.017485098386054256	4.879641337954974e-10	2.313216427286372e-09	2.1828384848055117e-09	0.8012115332060071	-0.46335009449610215	0.3786380448239883	0.5289062354194172	0.844314430383455	-0.0859728839851375	-0.2798540212184549	0.26914648906629834	0.9215432134366491	-3.073314806805267	8.308957773242378e-06	-0.9362468493026797	0.5685958941081054	-0.20016177993851128	-4.1074412147283214e-08	2.486414644562177e-08	3.977162450352178e-09	1.7950005093484378e-09	2.6133473719425315e-09	2.2000456520266876e-09	6.243881540711965e-05	-7.199979221785867e-05	-0.00017648290791726196
662735168.0	2.9508545454611816	-0.13495352928467969	7.7594017757157765	6911511.019214769	0.001396527543297724	1.588285678621398	1.2895911896682015	9.625516814757135e-05	3.058524313091945	-1.2081616197862322	1.0567966009817982	0.9343408957545022	-0.35638052873080844	-9.624044824253794e-05	0.00632245439984167	0.016305890781207286	0.9998470605528593	-0.3563244548035349	-0.9341986066503101	0.017488460240480296	2.136486504485758e-10	2.6792458372639453e-09	2.7531207345176323e-09	0.787463501166604	-0.4787738671696543	0.38817112005641	0.54327244743144	0.836614585954395	-0.07022166638730235	-0.29112932211010106	0.26617967368634754	0.91890810156617	-3.0687396522252874	0.00011586835769642074	-0.7920498124640534	0.5912858735574825	-0.13819879653219716	-5.21499793165442e-08	3.224626258456608e-08	-3.9986687394337514e-09	2.0322709101603487e-09	3.6462099189626415e-09	2.89940410429794e-09	6.716129077908694e-05	-6.160346900603628e-05	-0.00015196626349570392
662735296.0	1.838985025524126	-0.14087475401319996	8.092022296995511	6910030.307274961	0.0016486009559840906	1.5882880645733326	1.4923745442449676	0.00010413821789534674	2.995982641525752	-1.348130075488747	1.0162582024606148	0.9749559952720602	-0.2223978337161041	-0.00010412228707429743	0.003991425383278576	0.017029652157948157	0.9998470180336535	-0.22236203769186025	-0.9748072601831418	0.01749084582746996	-1.3801246693867886e-10	3.0004705295285932e-09	3.3444461136868584e-09	0.7756991651408964	-0.49153505125602687	0.39583342277585803	0.5544368801294989	0.8303823039025927	-0.0553622192265609	-0.30148059830109103	0.2624090752092183	0.9166520201777003	-3.0476932740288727	0.00023929207696359516	-0.6417866994567492	0.6043797654750076	-0.06713354279281798	-6.155624379282089e-08	3.8923749129390034e-08	-1.550199308979018e-08	2.1194106992962993e-09	4.765072556115704e-09	3.5486744663061594e-09	6.773934176695394e-05	-4.978524965494546e-05	-0.0001216935127639596
662735424.0	0.6926648860708572	-0.14406416770101044	8.267134012917804	6909217.271528681	0.0018296475801402906	1.5882893360367534	1.6904863259446885	0.00011233229376630542	2.9380913427609077	-1.4871818334802875	0.8740198931262495	0.9964586372545847	-0.08408431260379487	-0.00011231510658965313	0.0015827128961286617	0.01742072889074408	0.9998469949071227	-0.08406949066471314	-0.9963063517708108	0.01749211709637256	-5.636164936313949e-10	3.292416470288047e-09	3.978237120300086e-09	0.7665662798666708	-0.5011191879972706	0.4015665548726998	0.5621239305808198	0.825969313969547	-0.04232468604781002	-0.31047193953680036	0.258174847345035	0.9148513119401563	-2.925218601899501	0.00036999866238074207	-0.4865838032544001	0.6058615489778558	0.011301938349554603	-6.698728956087173e-08	4.325820223510059e-08	-2.9206764867478634e-08	1.9949123394215792e-09	5.784541722261038e-09	3.992058198112276e-09	6.318256454413856e-05	-3.669298221050573e-05	-8.534390085405955e-05
662735552.0	-0.46630643024774293	-0.14446701061434147	8.281799148424746	6909136.886415893	0.001930104840298428	1.5882894503915153	1.8881127025308884	0.00012051150669558378	2.880666298629857	-1.5098063880504937	-1.7761921371442355	0.9984386055901595	0.05585997089686218	-0.0001204930686924843	-0.0008568290273779429	0.017471649124378655	0.9998469919547154	0.05585352908452369	-0.9982857332088226	0.017492231433638077	-1.0562320265780584e-09	3.5226734317770896e-09	4.628111263045864e-09	0.7607167143117293	-0.5069543035689918	0.4053485101238751	0.5660794325385279	0.8237231305961414	-0.03216022664333128	-0.3175911784411292	0.2539242765348964	0.9135963578969677	-0.2948719831352857	0.0004982663899042238	-0.3284097035507782	0.5937747490912899	0.09439292936863608	-6.710303665771079e-08	4.405426396949781e-08	-4.273515593583306e-08	1.6565209188113143e-09	6.50959887031436e-09	4.109450385364313e-09	5.253835820553496e-05	-2.249078899338608e-05	-4.255455022991112e-05
662735680.0	-1.616009180284613	-0.14207734390034282	8.135898223184201	6909797.094968932	0.0019467909083065095	1.5882884556854027	2.088034784767155	0.00012836587134963133	2.8209289253061574	-1.3714214805183573	-1.9893347462198419	0.9808616361364667	0.19470602015073415	-0.00012834623273766055	-0.0032797785386531513	0.017181469467856838	0.9998470083766129	0.19467843693750714	-0.9807111515752164	0.017491236879707755	-1.5686498338191208e-09	3.587658973156412e-09	5.1604114702836705e-09	0.7587517444505288	-0.5084265605812683	0.40718327911246704	0.566067521197148	0.8239487195432639	-0.02600132705713762	-0.3222783761579355	0.25022178174275256	0.9129762911502612	-0.10152408749756497	0.0006139896442306157	-0.1698967441626787	0.5664273495045136	0.1785678795981588	-6.237008088699938e-08	4.1259384731874334e-08	-5.384841818911227e-08	1.1682482083848069e-09	6.837992315403164e-09	3.8862352418010145e-09	3.516823574595967e-05	-7.629884098404067e-06	6.26548643984127e-06
662735808.0	-2.7346871242690924	-0.1369379375749814	7.832112191119793	6911147.795848214	0.0018829411292553945	1.5882864791298195	2.2925966346150206	0.0001356229463378367	2.7565379647641475	-1.2315752764775625	-2.0357451242945745	0.9440695983470087	0.3297462283165045	-0.00013560220281975713	-0.005639019495527978	0.01655578703496387	0.9998470419893144	0.3296980359905815	-0.9439244306758315	0.017489260626470538	-1.9912220057612463e-09	3.366060799689866e-09	5.360767700957968e-09	0.7610804950466135	-0.5049917273866442	0.40711157602143305	0.5619296687528526	0.8268098242398623	-0.0249110801804633	-0.324023961204895	0.2477274102950685	0.9130386644351856	-0.07466705267473515	0.0007074906899482312	-0.013960396006811785	0.5227244976890698	0.259713139627916	-5.461276867123024e-08	3.586252112171006e-08	-6.156734037235343e-08	6.200401750587444e-10	6.79787571713526e-09	3.409711213308116e-09	1.1473845576139503e-05	6.939180244474745e-06	5.890634320807066e-05
662735936.0	-3.801033105082704	-0.1291402351871779	7.375911529335853	6913084.350962118	0.0017477432673342413	1.5882837117988036	2.504166948549187	0.00014206337823576088	2.685127597489536	-1.091554668026823	-2.06099787720313	0.888774662904083	0.45834438842850633	-0.0001420416562184031	-0.007888612707153372	0.015606646916008193	0.9998470894899857	0.4582765195482855	-0.8886376394054765	0.017486493718647782	-2.3737651478973477e-09	3.0491797793752903e-09	5.4781144820974686e-09	0.7677831506743339	-0.4963045371242587	0.4052046889788771	0.5536313064786715	0.8322326967973638	-0.02968357909866151	-0.32249249607907543	0.24712455323432062	0.9137439713406732	-0.0685617949885286	0.0007703178240825188	0.1368087151356722	0.4625025201845388	0.3337132900571055	-4.9301117448351546e-08	3.13668874762908e-08	-7.139403451250989e-08	8.313986192624244e-11	6.995290062602701e-09	3.015960501888703e-09	-1.755891412225512e-05	2.0378454215335158e-05	0.00011311280435998171
662736064.0	-4.794496127616077	-0.1188242629193441	6.775545106561899	6915455.461992352	0.0015553423086399358	1.5882803918207082	2.7254237400427908	0.000147530927032839	2.6040225689816117	-0.9514827571064344	-2.0794547089110123	0.8160473996943415	0.577984964937136	-0.00014750837775131783	-0.009984656643454909	0.014352343788476387	0.9998471467476865	0.5778987351464062	-0.8159211913747523	0.017483174248082014	-2.5223595584895414e-09	2.449259844686864e-09	5.126863448951046e-09	0.7786664017466214	-0.48216343000392115	0.40149353862524745	0.5411611340095986	0.8399259608440046	-0.0408534862370495	-0.31752678915079663	0.24908393578697396	0.9149502342228544	-0.06869259851542395	0.0007959588677294594	0.2808461313730498	0.38650468763136725	0.39707829692040647	-4.3010838635885846e-08	2.5453383587929615e-08	-8.001265538347321e-08	-5.032784001679707e-10	6.9923573234240696e-09	2.494925062026702e-09	-5.0179483554605356e-05	3.188445395346788e-05	0.00016616243331160917
662736192.0	-5.6956240428807305	-0.10617818534061675	6.042011535870526	6918074.901048016	0.001323333048656193	1.5882767873621186	2.9595547409510057	0.00015193820163373738	2.5100376259028496	-0.8113901626177231	-2.09489703402259	0.7272986525850748	0.6863210960401634	-0.00015191498767344112	-0.011886127464223269	0.012817114782546067	0.9998472090987479	0.6862181795331852	-0.7271857222875597	0.0174795703402928	-2.4591828993020766e-09	1.7277019694308712e-09	4.470535507988213e-09	0.7931333117486917	-0.4627262320913429	0.3960100805902562	0.5246623983187396	0.8493040316173586	-0.05841258142668408	-0.3093039242961214	0.2541005627956172	0.9163863739722289	-0.07113859142607168	0.0007804049454926107	0.41786452510635336	0.29659981770948635	0.44710733475467374	-3.568695196251914e-08	1.822897609674589e-08	-8.678926028807912e-08	-1.1189570074930016e-09	6.711994020560644e-09	1.869873564979775e-09	-8.326213333836451e-05	4.057839922342186e-05	0.00021399502928977747
662736320.0	-6.486446043857245	-0.09143710086415394	5.188988986882289	6920736.225653964	0.0010707831819869943	1.5882731797759024	3.210353132563958	0.00015526916310776184	2.3993816640859684	-0.6712873480262296	-2.108758209100712	0.6242550118959302	0.7812206193013994	-0.00015524545053604706	-0.013555685253582177	0.011030720370759601	0.9998472716397279	0.7811030172263564	-0.6241575659931073	0.01747596330512753	-2.2916058287701424e-09	1.0292847929646712e-09	3.737381451458808e-09	0.8103095899981828	-0.4384640541468646	0.388777110409129	0.5043999103080321	0.8595812733813433	-0.08185820015952827	-0.2982936453198859	0.26242962422943716	0.917688178788727	-0.0743454058783675	0.0007225131841902517	0.5489514889501514	0.19558278413744573	0.481931329041161	-2.7178380509292078e-08	9.992081415201896e-09	-9.043125668617907e-08	-1.7124499106154495e-09	6.0570580739495724e-09	1.1839295019073084e-09	-0.00011470691845055645	4.6289496472770843e-05	0.0002547831174657187
