662731200.0	-8.315761842958494	1.5833187325140706e-05	-0.00011868398368578604	6928137.0	0.0	1.5882496193148399	0.0	0.0	0.0	0.0020415725312457056	-1.749473398103404	0.0	1.0	-0.0	-0.017452406437283477	0.0	0.9998476951563913	0.9998476951563913	0.0	0.017452406437283477	-1.2213241697000242e-09	-1.2472785862521679e-09	-2.5954416552143816e-11	1.0	0.0	0.0	0.0	1.0	0.0	0.0	0.0	1.0	-0.08386845390363178	-1.1950234900710162e-16	1.5707963267948966	-0.08387325052086048	7.659709467837732e-17	0.0	6.586426422620576e-10	-3.165206438124134e-08	-1.5496710869489637e-09	-1.5826032190620665e-09	-3.293213211310288e-11	0.0	0.0	0.0
662731456.0	-7.987785791857914	0.04012455174136453	-2.3053999402632503	6926612.922576413	0.0004058512027634145	1.588251349366934	2.2718787948003336	3.4882724019049657e-07	4.291583017732809	0.2822742270722567	-1.7731666422045103	-0.2769773987530244	0.9608764335646319	-3.4884122097374423e-07	-0.016771364774069042	-0.004834066107072529	0.9998476649612617	0.9607300567295807	0.2769352112407992	0.01745413622585607	-1.4600393735425674e-09	-1.984043649093527e-09	-5.338234006675376e-10	0.9999985730195122	-0.0004709780100394478	0.0016223867151189265	0.0004783176187311046	0.9999896407514283	-0.004526544165820215	-0.0016202380056480916	0.00452731372268025	0.9999884390628031	-0.08196734345629318	-0.00036932315992174215	1.8502374268460637	-0.08505106511879273	-0.005672003348260562	1.3362132539745262e-08	6.388663316746204e-10	-4.077677272111061e-08	-1.9898626716921366e-09	-2.7065521223665334e-09	-6.944623591136698e-10	-3.6398203610715534e-05	-1.3671226301742853e-05	-5.285054960594458e-06
662731712.0	-7.032107391677868	0.07703001189663884	-4.425714063840856	6922644.963857871	0.0008821127800431829	1.5882567563668066	2.866080281568837	2.86610191012238e-06	3.97765874338712	0.5624995414978606	-1.7977765112008404	-0.5322097962089285	0.8466125045208339	-2.8656523638529965e-06	-0.014782991816481567	-0.00928971377632219	0.999847570568088	0.8464834292366299	0.5321287141349499	0.017459542401798155	-1.3318405654224932e-09	-2.357319808434612e-09	-1.0683083071200643e-09	0.9999658804163347	-0.003586526685992168	0.007441426577959484	0.003725215833737563	0.9998180491726935	-0.01870805482944533	-0.007372975666348474	0.018735137438517176	0.9997972963831135	-0.0768413779249781	-0.0006531316068484653	2.125734109522351	-0.08880346923368604	-0.016190378322801905	2.7362260142558286e-08	1.2563941767785866e-12	-3.8822252502203375e-08	-1.880514182025976e-09	-3.3362310784235518e-09	-1.3255106686234575e-09	-7.400991303300295e-05	-3.1997780821522665e-05	-2.1184583116139338e-05
662731968.0	-5.528599208871368	0.10784713557310863	-6.194274562077296	6917459.466143494	0.001383076662773395	1.5882638191319511	3.3718628379643727	8.907342824194645e-06	3.7521598870824255	0.8427082336045657	-1.8250238884395515	-0.7457308436651646	0.6662473329981333	-8.90597394267562e-06	-0.011643718838664885	-0.01301945272878184	0.9998474471949454	0.6661455791477174	0.7456171840318044	0.01746660408993381	-9.507100142718109e-10	-2.3355619979800907e-09	-1.471621295755108e-09	0.9997605868719169	-0.01179119843067857	0.018431944473889135	0.012550902007122467	0.9990530343594767	-0.041659445458742436	-0.017923275267868265	0.04188080916948346	0.9989618381234499	-0.07046816916029332	-0.0007921644801059014	2.3965892965987807	-0.09295892517617846	-0.03590465569646676	3.689813904258515e-08	-9.906128990527622e-10	-2.908078006374581e-08	-1.4149876639275708e-09	-3.4230190291138406e-09	-1.6787556818003293e-09	-0.00010472047482006979	-5.1820592134442514e-05	-4.6685705610915974e-05
662732224.0	-3.599003148307298	0.13023392479526572	-7.476236108519864	6912634.114109895	0.001781156515424631	1.5882700769598435	3.817662335964817	1.831276930290243e-05	3.586663148391434	1.1228643774805858	-1.8604574893770693	-0.900930049653435	0.43396433643354176	-1.8309967998860105e-05	-0.007599091997941673	-0.015733880840031685	0.9998473377443772	0.43389779837222725	0.9007926507790279	0.01747286096283517	-4.4154525527315266e-10	-1.9263753646282345e-09	-1.5997898987374778e-09	0.9990314433779672	-0.026745150692126733	0.03494097961693165	0.02916302424605797	0.9970763063308943	-0.07062830431466227	-0.03294985825400825	0.07157888143856495	0.9968905509498245	-0.06912098888301152	-0.0007668507123687223	2.662536101063654	-0.09325443970858233	-0.06701662191284921	4.1055326296718094e-08	-1.9036092567721822e-09	-1.6440501402272194e-08	-8.503323431688153e-10	-3.17805185411865e-09	-1.7554758322308553e-09	-0.00012326980846131692	-6.976443345878408e-05	-7.766071403762349e-05
662732480.0	-1.3943289537033452	0.14253318845442423	-8.17701656640974	6909621.823412248	0.001942859924952301	1.588273711239585	4.228727802987475	2.968279143587924e-05	3.4559383575210094	1.4026211574645824	-1.945853436670571	-0.9858014932250665	0.167914904265316	-2.967825758267117e-05	-0.0029638163373351006	-0.017223371913907822	0.9998472739636958	0.16788874812788301	0.9856510236313282	0.017476494687644603	5.949895479481588e-12	-1.4198161939804092e-09	-1.5346703391133688e-09	0.9972005950269498	-0.04880272204345393	0.05665039804844013	0.054399832879312646	0.9933084485285486	-0.10187730004525336	-0.05129942943737473	0.10467387641124742	0.9931826358411844	-0.11564197542570319	-0.0006010969723316956	2.923448332654595	-0.08474758025231403	-0.10900172867745131	3.6713057450905146e-08	-2.1901414066557947e-09	-3.4936876710904597e-09	-2.9045055988268364e-10	-2.5038129868039848e-09	-1.4825662973708025e-09	-0.00012880877236615823	-8.36227797865709e-05	-0.00010891877742442855
662732736.0	0.9173645574115331	0.1438411771095591	-8.24588896717343	6909325.464651449	0.001789076253054884	1.5882740651814535	4.6244107897532185	4.1228480983568755e-05	3.340655871550332	1.4563336905120876	1.432779829407602	-0.9937971282074455	-0.11120821133066451	-4.122218368151049e-05	0.001902608842164718	-0.01737302549907645	0.9998472673686727	-0.11119194236197101	0.9936452645273577	0.017476848575455946	3.5541098828458564e-10	-1.057183716680267e-09	-1.4797784863219692e-09	0.9935402662052977	-0.07744778051273514	0.08294323795438283	0.08797608026568111	0.9873524126959526	-0.13189170726231314	-0.07167948611557284	0.13833674290344006	0.987787931103167	-2.980508213917151	-0.00035399170213060784	-3.104341940117127	-0.06353630436419393	-0.1589761082963098	2.8213890115032965e-08	-1.8536673522100763e-09	5.455858673068458e-09	9.393251417236643e-11	-1.765504598645814e-09	-1.0855962778162134e-09	-0.00012393931407504957	-9.376621812213415e-05	-0.00013865105205210207
662732992.0	3.161531531583759	0.1340368385452351	-7.677024881611171	6911833.787682265	0.001329383701425399	1.5882714603211154	5.027427749080844	5.1484829512627726e-05	3.2181189954732883	1.1768220242999976	1.303573492773529	-0.9242743893143562	-0.38172876575874626	-5.1476967527666423e-05	0.006622850077308726	-0.01617064358796602	0.9998473124146529	-0.38167131293093987	0.9241329231654152	0.01747424411290368	6.926873266762225e-10	-7.854464621948107e-10	-1.4667087974293754e-09	0.987199896351258	-0.11221786198847906	0.11332923759913037	0.12938616409033515	0.9789745478494395	-0.15769608493863857	-0.09325012164096273	0.17034079403865682	0.9809630108725943	-3.0705844784130902	-0.00010161732342900747	-2.8553709708965638	-0.028032820693991555	-0.21263224322934685	2.3510205444519912e-08	-1.421007161650424e-09	1.2259706373061885e-08	3.707302353439024e-10	-1.3981961924919963e-09	-8.730054762054475e-10	-0.00011002759134772815	-0.00010156759321426726	-0.00016839765511699
662733248.0	5.166783216567935	0.11379692653485837	-6.509868329621096	6916388.849106148	0.0006702517675119311	1.5882667902434116	5.513456702017589	5.949184055875218e-05	3.0126615005819937	0.8964270233375538	1.264724380511468	-0.7825474361009639	-0.6225909626019388	-5.948276281453876e-05	0.010829858416967354	-0.01370779875639311	0.9998473935655994	-0.6224967665927882	0.7824273701370917	0.017469574748065823	9.022803492795205e-10	-3.6493310966915133e-10	-1.1496239045688496e-09	0.9772445718156509	-0.15268106943082924	0.14724652082240627	0.1778537800132158	0.9680880137459721	-0.1765605578162608	-0.11559013708727775	0.1987311970447439	0.9732136618077798	-3.0721690119293923	8.606037473833583e-05	-2.6134274408193976	0.021212715902569186	-0.2653103398644481	1.7477028648280905e-08	-5.840572015892494e-10	1.712952979697635e-08	5.886011572388462e-10	-1.0298134183991695e-09	-6.356548813561643e-10	-8.850957276106358e-05	-0.00010638781242873581	-0.00019486296805591597
662733504.0	6.775438304816328	0.08459497430365381	-4.8290360125548455	6921602.958833905	0.00017469496890536065	1.5882613631567717	1.2563509949488054	6.470015897007806e-05	1.2672438132363892	0.6158480705963215	1.2365666304748864	-0.5795412647627246	-0.8149428926325989	-6.46902920008743e-05	0.014194798770828484	-0.010173905599534601	0.9998474880364041	-0.8148192622447492	0.5794519595207734	0.017464148489367472	9.423245234288295e-10	-1.5089076112016443e-11	-7.342327239266342e-10	0.9630246551665047	-0.19730260817722833	0.18345352094712647	0.2312065098425634	0.9547988615196756	-0.18682259993681669	-0.1383006267081075	0.22233041817797747	0.9651124917878487	-3.0660444501774693	0.0001662618570238655	-2.3780175983709704	0.08333536693705583	-0.3125272207873722	1.0085408741134946e-08	5.734469730936737e-10	1.8685986230935243e-08	7.064919338467631e-10	-6.317804959012777e-10	-3.619272340535582e-10	-6.396854068164356e-05	-0.00010785828896284868	-0.00021344266324295437
662733760.0	7.856144397407468	0.04865296124496457	-2.7619357665522584	6925874.831832265	0.0006401929196983516	1.5882569157797837	2.5901335213891743	6.708017356611431e-05	0.21419792525864267	0.3351662441369796	1.21162441039609	-0.3310332713435245	-0.9436190803312673	-6.706994786398109e-05	0.01645310882055727	-0.005843021061843224	0.9998475655393725	-0.943475632156837	0.33098170695620677	0.01745970179047559	9.007227130056593e-10	1.9998522408954818e-10	-3.8791518927204003e-10	0.9443377393426263	-0.24414352121801836	0.2204998301598551	0.2867864612928655	0.9393326598367173	-0.18816928490907747	-0.16118238015482242	0.24093172313197952	0.957064336978597	-3.0604841344728198	0.0001355728045878193	-2.1476459565884403	0.1570759680277645	-0.34969587900202015	3.328558883740921e-09	1.7890066887650375e-09	1.7536921427967398e-08	7.366378635768986e-10	-2.842985035602265e-10	-1.1081366751946062e-10	-3.9474064148219494e-05	-0.00010700774350496704	-0.00022447916449191068
662734016.0	8.317550551063439	0.008805712917827155	-0.4714948106574643	6927884.354043283	0.0008929995674686459	1.5882553425646013	3.0522244116238118	6.748727351537658e-05	0.0328893298131431	0.05442872032280377	1.1878274587714182	-0.05647935829816242	-0.9984037647831082	-6.74769880872694e-05	0.017426451138234593	-0.0010533829287500186	0.999847592978616	-0.9982516721182862	0.05646957456295866	0.01745812881508034	8.130289307998605e-10	3.1633695055602933e-10	-1.1555402347687039e-10	0.9213333823729755	-0.2915843965731792	0.2571445861771693	0.3423245453059149	0.921967454849782	-0.18107986602301662	-0.18427887618029176	0.25486182898360826	0.9492558895897664	-3.057912188796938	2.9240483374202337e-05	-1.9197699109421749	0.2401795827188682	-0.37192348641059897	-2.020423424181657e-09	3.065546904062188e-09	1.573164289733654e-08	7.516749911097806e-10	-1.2352898940184505e-11	9.894517442774859e-11	-1.678417180106214e-05	-0.00010480915755972912	-0.00022935834685347808
662734272.0	8.119782578739123	-0.03173788402096905	1.8572923876459446	6927006.646185562	0.000782019335864693	1.5882579474718654	3.4841391848521814	6.78131201532959e-05	6.164950275933945	-0.22631830361978245	1.1641888959811755	0.22252387374405438	-0.9749272388320693	-6.780278291828894e-05	0.017038030044872733	0.003819337333112636	0.999847547476377	-0.9747783497524605	-0.22249110464378824	0.017460733325285124	7.433074289508866e-10	4.1827215715707174e-10	1.0387170232106063e-10	0.8944214734529022	-0.33838133636768286	0.2924180210321524	0.3960536944845485	0.9030128191776309	-0.1664611650986717	-0.2077298700511777	0.2646996781238852	0.9416912346887553	-3.0590644329281225	-9.187624231885155e-05	-1.6906098490976607	0.32925069171281435	-0.3739044456188108	-6.0651597518837025e-09	4.1497175011340556e-09	1.2374202260687962e-08	7.021768012909316e-10	2.1654198025785894e-10	2.7155095398473953e-10	3.6854320451151817e-06	-0.00010178826221366088	-0.00022945021467962544
662734528.0	7.279967797261783	-0.06970790211409644	4.035517392557654	6923507.129777882	0.000350491617287079	1.588264628248851	4.129154609155716	7.047726741034061e-05	5.800694419173738	-0.5070282493591884	1.1398424217289183	0.4840108250321473	-0.8750620071093079	-7.046651462693617e-05	0.015319170980096377	0.008392763897442517	0.9998474306186141	-0.874927908031389	-0.4839380592885741	0.017467413083394973	7.892635540823656e-10	7.850495716295583e-10	4.514858587192808e-10	0.864256964633944	-0.38356005548301875	0.3254866862401368	0.44653343100297926	0.8829000995036822	-0.14524224348685744	-0.23166310469824342	0.27086730724517416	0.9343249476425849	-3.0636285045737166	-0.00016211163103469105	-1.454984745343637	0.41932146080896066	-0.34982193164278164	-1.1061211788080005e-08	6.55989410864683e-09	1.0921302998275144e-08	8.090191517392646e-10	5.06816373112346e-10	5.149633188222727e-10	2.337998381561855e-05	-9.722877779761266e-05	-0.00022453000757082512
662734784.0	5.869822922954852	-0.10209588636386124	5.8893827267047225	6918456.026701169	0.0003968413637627144	1.5882736557739405	0.4434514794101168	7.7386177650688e-05	3.483907952977587	-0.7876553104184714	1.113328834937058	0.7074606116418848	-0.7067527693532575	-7.73743593993306e-05	0.01240625285026417	0.01230921627006162	0.9998472723796531	-0.706643876266897	-0.7073535227920463	0.017476439230470982	7.784160749721009e-10	1.4924280170094981e-09	1.1555938813219356e-09	0.8322576949446248	-0.42578543499474564	0.3550406914028236	0.491752539910306	0.8626821514962012	-0.11814797916870313	-0.25598157882399025	0.2729217265741601	0.9273549279895786	-3.0700015996315577	-0.00013295657001748468	-1.2059881508665966	0.5027958038778155	-0.29332274985769163	-2.190810570792298e-08	1.287654666928053e-08	1.034927278016681e-08	1.2069485299275242e-09	1.179481344100616e-09	1.0874492965713231e-09	4.455917685750173e-05	-8.789527731031197e-05	-0.0002091317611126007
662735040.0	4.006233450275233	-0.12641888439315777	7.275889519155376	6913396.617512893	0.00108480080028949	1.588282320211646	1.0758229246169342	8.900669648256718e-05	3.1321471391451734	-1.0681412723518982	1.0804203716297833	0.8754497460095984	-0.48330914981196016	-8.899309011612122e-05	0.008528607083328399	0.015264323927940486	0.999847119951966	-0.4832339030665668	-0.8753166661974757	0.017485102344247442	4.873951788740527e-10	2.320685948399396e-09	2.189670183715329e-09	0.8013307263085283	-0.46265677923843934	0.379233136340379	0.5287051305856683	0.8443236688820492	-0.0871115782083357	-0.27989275082830917	0.27030768910682046	0.9211915117083377	-3.073315150365798	1.024031926474802e-05	-0.9361282478687287	0.5690547001984403	-0.19882389802629966	-4.122232957458982e-08	2.494257177737178e-08	3.9546047148063065e-09	1.8014943926090321e-09	2.628625687421642e-09	2.1992364147002965e-09	6.196646334928835e-05	-7.202690853662559e-05	-0.0001762513917221052
662735296.0	1.8380145264577359	-0.14088633140195617	8.092681512036808	6909875.298418045	0.0016454445713274975	1.58828806751904	1.4942416230221038	0.0001041497386577061	2.9942474806659143	-1.348261578741384	1.0162108726697108	0.9749847983174373	-0.2222715281048303	-0.00010413380557805664	0.003989231073160013	0.017030169408576108	0.999847017980931	-0.22223575114132907	-0.9748360585882423	0.017490848772726917	-1.4009370391277724e-10	3.0105123805617173e-09	3.354846583695257e-09	0.7758759525585764	-0.49075242071306513	0.3964575233307956	0.5542089284243068	0.8304487641041856	-0.05663315153346367	-0.30144480406220836	0.26366059956333515	0.91630459910545	-3.0476562471586295	0.00024165867845760185	-0.6414619546249432	0.604453593125299	-0.06547708160930062	-6.176625795749776e-08	3.900608485415076e-08	-1.560894903728081e-08	2.1292565095017197e-09	4.790342525024936e-09	3.5451650239768484e-09	6.703882372227971e-05	-4.972520609257366e-05	-0.00012124169385971198
662735552.0	-0.4675301357785651	-0.14447362486702153	8.282170118575063	6908973.607895418	0.0019279805158230019	1.5882894514104993	1.889931526433668	0.00012052470945546902	2.878992630454807	-1.5096673201298692	-1.7768737994307469	0.9984306307408402	0.056002330993335125	-0.00012050626914332904	-0.0008593070632793494	0.017471528533674945	0.9998469919353001	0.05599586761377097	-0.9982777592504052	0.017492232452466342	-1.0596435782553747e-09	3.5345503577040344e-09	4.641975143190727e-09	0.7609971074682373	-0.5060387491455511	0.40596574583107625	0.565793900777184	0.8238595903914768	-0.03365467520755795	-0.31742820332842847	0.25530405340141804	0.9132684030713489	-0.2942010527558679	0.0005008355878198636	-0.32796157728162856	0.5933063788333426	0.0962513597910066	-6.733021760235934e-08	4.409122133689678e-08	-4.29283010816561e-08	1.6680579919264475e-09	6.540630977688244e-09	4.101576258877212e-09	5.138196965383452e-05	-2.2310000360081066e-05	-4.187119751363967e-05
662735808.0	-2.7360745663762662	-0.136938022340856	7.832105545302613	6910976.473697833	0.0018817949498409032	1.5882864779363035	2.2944394870299325	0.00013563654195020692	2.754853638638723	-1.231416969136983	-2.035770135351665	0.9440181407312992	0.3298935155145925	-0.00013561579678037362	-0.005641589191831159	0.01655491040611597	0.9998470420083444	0.32984530077236446	-0.9438729805237932	0.01748925943313714	-1.9940052477702655e-09	3.376249261723527e-09	5.374713362306787e-09	0.7615116621191862	-0.5038943253523389	0.40766468737699807	0.5615623110639447	0.827001143097204	-0.026774616868208964	-0.3236475849577682	0.24931830697650176	0.9127390769312854	-0.07465247222249477	0.0007099957812237497	-0.01353524506392401	0.5215614453435464	0.26159050428743313	-5.480763479097944e-08	3.5819034595599405e-08	-6.178823756104528e-08	6.305982389050477e-10	6.825260768961909e-09	3.3972914896998436e-09	9.654583634597803e-06	7.2725804856713455e-06	5.972987427607803e-05
662736064.0	-4.795928320870237	-0.11881673947225793	6.7750998954629456	6915275.785073958	0.0015550389384121014	1.5882803888687433	2.7273418399988447	0.00014754367895324278	2.602276513538653	-0.9513107906532818	-2.079463622289906	0.8159492073255298	0.5781235761516363	-0.00014752112713407593	-0.009987082381939894	0.014350652478701001	0.9998471467974152	0.5780373251359604	-0.8158230135703938	0.01748317129656832	-2.52195847723813e-09	2.4550686826428956e-09	5.137894299351107e-09	0.7792706188282335	-0.4808560659367186	0.4018889728307112	0.5407057435233859	0.8400982063617494	-0.04327011195494962	-0.31681950942434783	0.2510228027881801	0.9146654858080532	-0.06869300574574609	0.0007981317731277686	0.2811451492369814	0.3845176020043404	0.3988235951686345	-4.320197948346752e-08	2.531518605070399e-08	-8.025692963305639e-08	-4.93039915959925e-10	7.013791644868372e-09	2.4777392015086764e-09	-5.261618021302305e-05	3.238322276006203e-05	0.00016703714041046665
662736320.0	-6.4877831381307205	-0.09142154519209497	5.188082125453158	6920547.375373887	0.0010710755772575136	1.588273176151202	3.2123311543055983	0.0001552802614260945	2.3975894021937036	-0.6711016344647556	-2.1087634933162636	0.6241111411239283	0.7813355613437757	-0.000155256546310714	-0.013557706552844297	0.011028230338245567	0.9998472717013501	0.7812179414977711	-0.6240137167684808	0.017475959680980747	-2.2847842850657786e-09	1.0289388104661891e-09	3.740208918507686e-09	0.8110583544938785	-0.4369776793026894	0.38888925595459445	0.5038609466598017	0.8595974809969118	-0.08494890873255628	-0.29716744780808424	0.2648446307837857	0.9173597056270947	-0.07434753837641889	0.0007241206549588289	0.5491222247299222	0.19269478533577444	0.4834193191710125	-2.7342240859368485e-08	9.747758306400887e-09	-9.060102164270806e-08	-1.701694883396383e-09	6.060797777041027e-09	1.1656308210520753e-09	-0.00011737244277656758	4.68903377224619e-05	0.00025560287560425843
662736576.0	-7.676286086304615	-0.056805817348133766	3.190327875779868	6925158.140841684	0.0005734800237848965	1.5882670422760865	3.7806496012689452	0.0001590002556026801	2.1095648549541943	-0.39086609267735595	-2.134105053352759	0.38339186890552834	0.9235857564859696	-0.00015897599034707068	-0.01607394275394735	0.006844595248337938	0.999847378293422	0.9234458853779517	-0.3833307996132398	0.01746982674227881	-1.7573956834528892e-09	-1.794338857952236e-10	2.216072568168269e-09	0.8499234544118222	-0.3763631846936193	0.36875584720510113	0.45315559077375356	0.8792102302912397	-0.14710330214415884	-0.2688496460685148	0.29213032050525306	0.9178124773886724	-0.08030902865078803	0.000490886960566622	0.8035081797217921	-0.030083268884241208	0.5019994899418229	-8.000808670606104e-09	-6.1077481172659865e-09	-8.174380831505016e-08	-2.4066401171513707e-09	3.517394074491591e-09	-2.7259433659334235e-11	-0.0001715960612766045	5.027629662611892e-05	0.0003150048168443371
662736832.0	-8.26309148349794	-0.01765865587953123	0.9373779923937535	6927679.289524983	0.000147550534420261	1.5882638568178609	4.4642566136439	0.0001599208796731365	1.7062508002912222	-0.11061905576550068	-2.158029953002692	0.11258766000145543	0.9936417831635864	-0.00015989648218583418	-0.017337585893366064	0.002125383965306091	0.999847433790971	0.9934905268450157	-0.11256771070999161	0.017466641770094524	-1.4633002124624695e-09	-1.251354867874127e-09	9.246519542829174e-10	0.8890614233119191	-0.3045920429509382	0.3417506005108966	0.3915205021381286	0.8927818828584327	-0.22282774971995586	-0.23723718507875663	0.33190992303744926	0.912991961084643	-0.08358098547110043	0.00014571401236888282	1.0713154655912125	-0.2536891789703772	0.44424470823819856	1.01691667262399e-08	-1.9432726153660837e-08	-7.631212738776108e-08	-2.9640441877246663e-09	9.181748756556865e-10	-6.287925928847679e-10	-0.00021456392587669058	4.42838303242431e-05	0.00034666120978003054
662737088.0	-8.198548302141171	0.022903174751449273	-1.390923997623422	6927336.648030826	0.00024036975088281064	1.5882646363430866	1.9715011789858277	0.00016003900694565732	4.479300056541868	0.16963170962843854	-2.181628791536393	-0.167060007656665	0.9859467167332554	-0.00016001458991782866	-0.017248674960157404	-0.0027603657984804266	0.9998474201560843	0.9857958394383057	0.16703727770642263	0.01746742117639564	-8.639268084860713e-10	-1.8348680199593569e-09	-3.403313967561264e-10	0.9233840363480907	-0.22754841075880045	0.3091660430555917	0.3231085061314533	0.8955645555648334	-0.3058839977531728	-0.2072747323795362	0.38234257881787986	0.9004728412006022	-0.08318254799015758	-0.0002331104407812488	1.3830531405231645	-0.442715512588306	0.29763644202789485	2.382799316036382e-08	-2.338957320185445e-08	-5.479546171857418e-08	-2.4780959595372034e-09	-1.5184366319489848e-09	-4.294601793865847e-10	-0.0002456033357054109	3.0922442848369764e-05	0.00035172671962956445
662737344.0	-7.488255037384076	0.06162904212260441	-3.6073715158643203	6924247.320355658	0.0006807349696257726	1.588269180693783	2.6234951695570516	0.00016157833653778863	4.107600989348541	0.4498790710265479	-2.2057399102046182	-0.43358574393281224	0.9011122996378649	-0.0001615536715704872	-0.015814239498614647	-0.007430039287620594	0.999847340520174	0.9009735359528104	0.4335221078071377	0.017471964833593596	-5.721025048890519e-10	-2.2828909259404614e-09	-1.2604307266800768e-09	0.9500362669258415	-0.1510802743977368	0.27314070039727817	0.2528749707788341	0.8855243267707305	-0.38974468033681786	-0.1829900015826409	0.4393420277928679	0.8794846456508698	-0.07921958534850412	-0.0005585529365292714	1.7534065468607456	-0.5544448577073239	0.061552259081799725	3.5981064436018214e-08	-2.4654018762535666e-08	-4.072695131248944e-08	-1.9875220104918443e-09	-3.2242709572743388e-09	1.9589188219404656e-10	-0.0002627564187340272	1.4553845351678762e-05	0.0003364135701520833
662737600.0	-6.192156180339921	0.09545427093888004	-5.535869351960519	6919370.163283026	0.001179731459759678	1.5882760638697644	3.169708430632766	0.00016625677186250172	3.841686898312024	0.7301152313060701	-2.2316109737855276	-0.6661001695001579	0.745862277206048	-0.00016623137279228698	-0.013147522787385315	-0.011518696472346959	0.9998472194671209	0.7457464092011548	0.6660005878920726	0.017478846958468797	-4.6299246460806703e-10	-2.7397563752070166e-09	-2.0860429741546103e-09	0.9682569452481793	-0.07970189643933417	0.23690946727101903	0.18611899554459443	0.8625528239808686	-0.47049159964881404	-0.1668478572716342	0.49965011112437707	0.8500067993711945	-0.0729646075179406	-0.0007589596689983867	2.1472244533650313	-0.5560782805223776	-0.21896909930496614	5.0284141852066795e-08	-2.431343797409655e-08	-3.029699494480466e-08	-1.5134929622894919e-09	-4.602441890901158e-09	1.1815195104713759e-09	-0.0002766829502617364	-6.766379591815103e-06	0.00030235517056486055
662737856.0	-4.416669890014652	0.12177480512086955	-7.027323473250613	6914198.476018166	0.001634563962806314	1.588283088479274	3.640434602640765	0.00017463009814167738	3.6512734232512423	1.010321077742888	-2.262486808150904	-0.8464690687098984	0.5324378698318246	-0.0001746033981363487	-0.009457913703585421	-0.014708297714889434	0.9998470952334192	0.5323538894248573	0.8463412909384012	0.01748587049442063	-3.549281378009818e-10	-2.572053702856888e-09	-2.2932640161072923e-09	0.9787704676896704	-0.01646461741315134	0.20429705810897633	0.12797697468719538	0.8276732470984343	-0.5464237275113949	-0.16009455183877078	0.5609687267673419	0.8122092230826798	-0.06821546797768278	-0.0007972145251405625	2.495492502367715	-0.45079712488939366	-0.4685975087401343	5.399591084586623e-08	-1.6035314422564027e-08	-1.5025122716401478e-08	-7.809241642152144e-10	-4.518567864747064e-09	2.015953245393529e-09	-0.0002875221977919079	-2.925638723229558e-05	0.00025775235026730993
662738112.0	-2.3026813858439708	0.13863092573145017	-7.970291995992381	6910301.966432214	0.0019043860270775714	1.5882880992303279	4.065548021928395	0.00018582420666724984	3.5065024070733846	1.2903756195146818	-2.314041564786562	-0.9607082173894477	0.2775602394441943	-0.00018579577860326982	-0.005033241370075574	-0.016752071553043625	0.9998470055863508	0.27751466181393075	0.9605621695540395	0.017490880479163612	-3.171261432331201e-10	-2.0633529176231955e-09	-2.034166483472482e-09	0.983438926640239	0.038151026459721904	0.177178939913197	0.080786166104191	0.7828295836930288	-0.6169695602387408	-0.16223893778893134	0.6210654893608796	0.7667830103686768	-0.08158972473151607	-0.0006799133211749195	2.7656630119220247	-0.2701804264782988	-0.6501382751900019	4.501816028151683e-08	-4.885294518097705e-09	-1.879425890997955e-09	-2.583717904042738e-10	-3.204745206530747e-09	2.1414526297631325e-09	-0.00029632858587288623	-4.8611033830262504e-05	0.00021432375926164063
662738368.0	-0.012823332501544176	0.14479784191120448	-8.29624344644875	6908857.8683852805	0.0018811513846472535	1.5882898346307397	4.467183999921403	0.00019784555359826832	3.385259499471267	1.5533008024175754	2.411650587966359	-0.9999993897440377	0.001086913366896271	-0.0001978152801666348	-0.00021679785458992497	-0.017492390648421938	0.9998469729254038	0.0010832867775664935	0.9998464056487556	0.017492615614072313	-3.3948237163251974e-10	-1.561091068333531e-09	-1.6608664908197878e-09	0.9841449399423097	0.08544669979585928	0.1554271491083327	0.04439915842197378	0.7297241451118728	-0.682298605283762	-0.17171910760706874	0.6783815545360462	0.7143605634047061	-1.5995581730372272	-0.0004541531186357876	2.968178581054736	-0.045288269914626846	-0.769287268583179	3.0685914251261524e-08	3.0865265744679126e-09	4.844154663851651e-09	-9.100441612647333e-11	-1.7297142097906755e-09	1.6785926851541558e-09	-0.0003049523153828468	-6.365275063712682e-05	0.00017751495310144006
662738624.0	2.2797798122844237	0.13981633426340775	-7.9812751233577	6910302.2925539445	0.0015359624327747872	1.5882884132540709	4.8655792803921	0.00020839035451462922	3.2673291365246273	1.2892983621298741	0.9115108727413923	-0.9612993265332732	-0.2755060097228774	-0.0002083584728683358	0.004618665176398356	-0.016871669410568706	0.9998469956464783	-0.27546737145924155	0.9611512812132533	0.017491194454867243	-4.4526474238164333e-10	-1.4063052216650952e-09	-1.5164908770122472e-09	0.9822180519798768	0.12708039789800374	0.13819649356963165	0.017893757773886923	0.6693741689014379	-0.7427099268491293	-0.18688903605504964	0.731975952117004	0.6551974463662232	-3.0601782534286115	-0.0001926550569090141	3.1249993441420516	0.2039539738052606	-0.8413296182677343	2.5015534909267936e-08	8.993450679387355e-09	8.876848581012286e-09	-1.6172015313451483e-10	-1.0040092517732874e-09	1.4729353220813015e-09	-0.00031511422109825593	-7.579363530488003e-05	0.0001462182690504343
662738880.0	4.401277103031902	0.12400467533244669	-7.046590301004209	6914197.427767488	0.0009373810709896213	1.5882851938506009	5.30249724733722	0.000215786962698079	3.1109635036793595	1.009032397146008	0.8601204831886566	-0.8475489148043123	-0.5307172415366405	-0.00021575396132633197	0.00909833649709283	-0.014936402223384373	0.9998470503840109	-0.5306392911262963	0.8474173195211203	0.017487975543819388	-6.147618459026693e-10	-1.209159417742354e-09	-1.2576325535366784e-09	0.9784189758727626	0.16437793785395638	0.1252046372902184	0.0010147854012058366	0.6021040565905198	-0.7984169808112984	-0.2066283568697283	0.7813133805228991	0.5889432260865178	-3.0734028160009057	2.8682292321026683e-05	-3.0269618451776625	0.46543655766952574	-0.8753984174998499	2.125000790682089e-08	1.5895825072316443e-08	1.260608705120292e-08	-3.8845752422162253e-10	-4.789920019083799e-10	1.2588123872295145e-09	-0.00032913894956928825	-8.689045006509664e-05	0.00011811330637558737
662739136.0	6.1870230690569334	0.09847007857505607	-5.558750230590108	6919356.427211141	0.00026682447263882384	1.5882820873138064	6.169128500130022	0.0002195965777293014	2.5249765377092976	0.728494674368205	0.8292707805664337	-0.6674886991068488	-0.7446198952195228	-0.00021956300583658231	0.012873048884885089	-0.011834419340376524	0.9998471038770296	-0.7445086441251397	0.6673838162273213	0.017484869482011788	-7.300776993349184e-10	-7.863962775385691e-10	-8.124388574510889e-10	0.9732207737837167	0.19872107851575416	0.1155476457110192	-0.006868498617611907	0.5275742102129196	-0.8494811807479633	-0.22976977434502477	0.8259390931974037	0.5148110965448267	-3.06865015267122	0.00015396411634352846	-2.9003634921704915	0.7320640090999908	-0.8690779998141124	1.389915356942127e-08	2.09608886822057e-08	1.3736522182107591e-08	-6.752567320270855e-10	-3.058261846695138e-11	7.299180786521157e-10	-0.00034712399671446657	-9.526307082236181e-05	9.749482186196608e-05
662739392.0	7.4933806588634395	0.06509874166723856	-3.628566805424707	6924198.541892873	0.0004657382630159626	1.5882807301264201	2.33120021199579	0.0002205948667071025	0.36044596962150205	0.44783116955216284	0.8034031025431722	-0.43506863911508925	-0.9003972626631672	-0.00022056114743505421	0.0156461629910407	-0.007805090664952421	0.9998471273866669	-0.9002613380803387	0.43499867809958626	0.017483512502085536	-7.462547569813732e-10	-3.7746788888286787e-10	-4.583909606017699e-10	0.96696965722477	0.23126899291031425	0.10716498926822939	-0.007263297107188427	0.4452637687873582	-0.8953699909648586	-0.2547880030961886	0.865017242096091	0.4322363292861089	-3.062419381801944	0.00016370684724201416	-2.739412593561857	0.9980194636015947	-0.7937695378901931	5.197479181556224e-09	2.2611644776020885e-08	1.210264280958434e-08	-8.978433126305177e-10	1.6718663320068426e-10	7.322013699041414e-11	-0.0003668351302964472	-0.0001000312013422064	8.515940121054939e-05
662739648.0	8.211313126246306	0.026476425525754993	-1.406055370324262	6927233.720655502	0.0008430555966826811	1.5882819848864196	2.8779968524126645	0.00022026261080705368	0.09443388316265057	0.16709423603999918	0.7792859990097876	-0.16843837484459276	-0.9857121615253246	-0.00022022893779464887	0.017197859043970826	-0.003162155054834231	0.9998471055214957	-0.9855621479764816	0.16840883408088123	0.017484767070283225	-6.889424439020988e-10	-9.596244465007086e-11	-2.832124175149007e-10	0.9599380364848212	0.2624651646851309	0.09813767592761247	-0.0015281760508209508	0.35512445608384924	-0.9348177819067778	-0.2802081918638777	0.8972171743886523	0.341298566059717	-3.0584903076847967	7.916640553290165e-05	-2.404911621884674	1.2463661678914104	-0.5151616260477095	-2.3797529538481454e-09	2.022603769218256e-08	8.514557227212548e-09	-9.413561687840567e-10	8.822144209517039e-11	-4.726687752476579e-10	-0.00038591494860187685	-0.00010190747855250134	7.806782871948163e-05
662739904.0	8.279224874066845	-0.014299691077999083	0.9305955289519467	6927525.275469827	0.000879171479653551	1.588285933641317	3.306292414861287	0.00022020816367178942	6.230131577991966	-0.11367049033606369	0.7556732116698642	0.11145669556843438	-0.9937692672527976	-0.00022017448336305337	0.017404284721116662	0.0017304653260229595	0.9998470364826321	-0.9936168758059173	-0.1114434787396428	0.017488715221397437	-6.384552934356548e-10	8.771456850938118e-11	-1.8030880833426354e-10	0.9523618770944425	0.29218153944149083	0.08738880401258753	0.009555683518566283	0.25781874824187045	-0.9661460458789282	-0.3048205110710939	0.9209557215548396	0.24274475270489693	-3.0581263978219155	-4.6425580948429076e-05	-1.353412454140728	1.3669360674187376	0.5088068891240747	-7.0564530717314625e-09	1.5288832159800036e-08	4.685841271115485e-09	-8.034807181661004e-10	-1.4303882109982272e-10	-7.432662038977312e-10	-0.00040308995504830946	-0.00010193525409100162	7.317320078316779e-05
662740160.0	7.691222540804216	-0.05391343928050396	3.191673342428768	6924979.953573159	0.000560158904617099	1.588292124945067	3.7993463600686597	0.00022186154996133557	6.0178699625813	-0.39441659856276967	0.7317224906259024	0.3825745878955935	-0.9239245832258367	-0.0002218275929569253	0.016248826753614488	0.006488186017085306	0.9998469278201233	-0.9237817168171537	-0.38251963080758605	0.01749490557791845	-8.438608289712948e-10	4.2303748097790586e-10	3.4291885674698463e-10	0.9444861065139928	0.320089999109869	0.07408364915339166	0.025266379395529254	0.15405534065843018	-0.9877391164102273	-0.32757839470007777	0.9347776978963819	0.13741561352794296	-3.0614232526604424	-0.00014635668133653737	-0.5144812879986116	1.1978542538361163	1.3496743406264573	-1.4975649077101123e-08	1.6724731991707064e-08	2.959942875840449e-09	-9.538267396163217e-10	-6.292711408273563e-10	-1.2702215921409285e-09	-0.0004225393227063012	-9.995034798270922e-05	7.431794179078474e-05
662740416.0	6.49792167904144	-0.08917129993969973	5.195134707081639	6920373.239032877	0.00018048027920246197	1.5882997114262145	5.829024291245382	0.00022640253870388129	4.268932808813219	-0.6750984669711526	0.7063294437425873	0.6235990694359415	-0.7817442992156843	-0.00022636785651545182	0.013823614347221487	0.010737602916935382	0.9998467940489569	-0.7816221006886942	-0.6235066595693881	0.017502490897470094	-1.0018352825253357e-09	9.48004015751817e-10	1.0361870102115182e-09	0.9367640258782279	0.3454886736317955	0.05577397432994505	0.043579242368339904	0.042970887660767954	-0.9981254191975312	-0.3472376843820615	0.9374385735640435	0.025197447076945823	-3.0673809093623032	-0.00016262790373459008	-0.30065939681079945	0.9410261424988989	1.5986170437351588	-3.022887399666849e-08	1.8363106188971186e-08	4.4869009866460516e-10	-1.1115371424610463e-09	-1.7792116905537531e-09	-2.0697203226420814e-09	-0.00044734313617357535	-9.434737257993596e-05	8.797046851113348e-05
662740672.0	4.799562140209102	-0.1173140131412333	6.7840464834556995	6915108.2791005485	0.0008053450388163175	1.5883073952470477	0.8725449249827373	0.00023461156187369175	3.2228898166906834	-0.955667085371056	0.6769001166646932	0.815679840464308	-0.5785035374433017	-0.0002345755902815934	0.010321007142254418	0.01414701433890514	0.9998466576414927	-0.5784115098022261	-0.815557183250127	0.017510173540776185	-9.361043960252208e-10	1.6254316965176428e-09	1.7258564849615173e-09	0.9299909437961997	0.3664111154384887	0.029321305226342104	0.06143502034845791	-0.07629055715237976	-0.9951911822178512	-0.3624121724388384	0.9273201417916588	-0.09346000158174439	-3.0729459290279064	-6.532861373396859e-05	-0.2531963443699036	0.6698982303746469	1.7213702826771442	-5.064245998251417e-08	1.27312460713934e-08	-2.8257710583915225e-09	-7.804328683170997e-10	-3.6658619995398893e-09	-2.5295576780356252e-09	-0.0004736830858768934	-8.374190586657867e-05	0.00011545348948082169
662740928.0	2.7338650109400158	-0.13623510433935865	7.838922408202851	6910789.300616128	0.00144124110657433	1.5883134745014855	1.3290824005418214	0.0002464773445211361	3.046925012217225	-1.2360155710677887	0.6326587704872418	0.94390869630954	-0.3302064691958415	-0.0002464395270514897	0.006016560763896483	0.016452380020460632	0.9998465483204092	-0.3301517439417806	-0.9437653346531002	0.017516251862850607	-5.088971212485682e-10	2.4340929596082425e-09	2.304229861821629e-09	0.9252311044243204	0.3793262253051245	-0.007682330474425292	0.07506143990722544	-0.20285875133854003	-0.976326844475979	-0.37190480454654834	0.9027513178063682	-0.21616399920907114	-3.066467238695508	0.00013623975376417924	-0.27973911154804604	0.3974602758277571	1.8211552673250886	-6.483962643339045e-08	-3.2076803946737306e-09	-2.792627238152776e-09	3.373214602803827e-10	-5.27769484872995e-09	-1.7698886230421244e-09	-0.0004939415102599901	-6.692424750054442e-05	0.00015577193634739206
662741184.0	0.46228814189499945	-0.14458781935448592	8.283995639359393	6908737.975220957	0.0018475173546185892	1.5883163068144368	1.7297444462782405	0.0002608209610784206	2.9267475815021107	-1.514167446046729	0.35024168778014525	0.9984157580836077	-0.05626638431285375	-0.0002607809297485089	0.001246063405260312	0.01747665951531849	0.9998464950672057	-0.05625318956579392	-0.9982628212893356	0.017519083741194364	4.068663842832189e-10	3.3048607840842236e-09	2.6147580326124373e-09	0.9235327025178673	0.37944104013160196	-0.05578390846733883	0.08004137901130215	-0.33294302951643306	-0.9395436747391729	-0.3750742926754825	0.8632342881050704	-0.3378547599394137	-2.8234130924641434	0.0003941336581879245	-0.3622594282669853	0.1314790402723494	1.9314528092220327	-6.408647823784887e-08	-2.1178298449286692e-08	3.829873011573997e-09	1.766730167092147e-09	-5.3505034825647036e-09	-2.377238146695794e-11	-0.0004967593583887497	-4.298939346703287e-05	0.00020542241406924224
662741440.0	-1.842378802809726	-0.141808450255178	8.088891766833136	6909590.900080628	0.0019333636302232744	1.5883150904967513	2.1295901218811637	0.0002754140349921508	2.8073127776614726	-1.3435761723672517	-2.420048819174487	0.9750447545142223	0.22200822251594302	-0.0002753717692522307	-0.00362065233717719	0.017141831637018067	0.9998465124631786	0.22197886739722106	-0.9748941002711217	0.01751786761016531	2.0025000464786083e-09	4.455825241716529e-09	2.6673788857760826e-09	0.9253880260123108	0.361911505328278	-0.1125924669951707	0.07184254719954294	-0.45916297227039227	-0.8854422698898561	-0.3721500365778838	0.8112887446568202	-0.4509045609308482	-0.09275316328947561	0.0006346649527046658	-0.5020051170648767	-0.1180096388804426	2.0712001843190375	-6.093944774794835e-08	-3.763668407171084e-08	1.6711385221741665e-08	3.357570641607002e-09	-4.641345363641721e-09	1.7906146712626215e-09	-0.0004678335270392457	-1.173838771183543e-05	0.0002573221153872505
