803761200.0,1.0,-472619571.6807811,-139481984771.92313,-60463260199.53586,-1.0,-0.0,0.0,0.0,-0.90630778703665,0.42261826174069944,-0.0,0.42261826174069944,0.9063077870366499,6720000.0,0.0,1.1344640137963142,0.0,0.0,0.0
803761220.0,1.0,-472035080.92225635,-139481923625.01532,-60463122342.195656,-0.9997373116280435,-0.009686238165795346,-0.020772205682784657,-1.8703801884026316e-09,-0.9063077595906439,0.42261832059884463,-0.022919592900669465,0.4225073037190994,0.9060696830626683,6719987.649409211,3.358465207734012e-05,1.1344639488535355,1.6370395866317187,6.283185307179586,4.669067321435125
803761240.0,1.0,-471454124.9068749,-139481862510.2911,-60462984557.62129,-0.998949384530281,-0.01936739480764849,-0.04153349449465868,-2.548762120108128e-08,-0.9063074832424762,0.4226189132287955,-0.04582714421140077,0.42217490431935145,0.9053553020866305,6719958.4920511395,6.725465599694058e-05,1.134463294958614,1.6857337781260697,6.2831852813700175,4.643294740799755
803761260.0,1.0,-470876700.8260221,-139481801461.97897,-60462846919.43053,-0.9976366322243051,-0.029038398686370627,-0.06227295918677504,-9.780705572011439e-08,-0.9063069587606578,0.4226200379797409,-0.06871062540929747,0.4216212374913515,0.9041650192592747,6719912.575560552,0.00010103042256038648,1.1344620539324817,1.7343271405912415,6.283185199725785,4.617623018321746
803761280.0,1.0,-470302803.9990101,-139481740514.27048,-60462709501.16183,-0.9957997433519041,-0.038694183884062344,-0.08297970398735044,-2.4566648547386105e-07,-0.9063061874395026,0.4226216920708316,-0.0915580206220164,0.4208465928844138,0.9024994593446353,6719849.982293525,0.00013493131400066352,1.1344602288424517,1.7827914042435067,6.28318503607672,4.592080442936194
803761300.0,1.0,-469732427.8757217,-139481679701.3022,-60462572376.234726,-0.9934396813129833,-0.048329692450127804,-0.10364285031025489,-4.957285579705595e-07,-0.9063051710964121,0.4226238715970237,-0.11435733291972183,0.41985137569332714,0.9003594963879198,6719770.829208311,0.0001689753003509687,1.1344578239957845,1.8310991609377676,6.283184760284639,4.566694441918557
803761320.0,1.0,-469165564.0403151,-139481619057.1372,-60462435617.910255,-0.9905576837549781,-0.05793987704289574,-0.12425154245411803,-8.744234862544109e-07,-0.9063039120680054,0.4226265715374095,-0.13709659059658907,0.41863610644387067,0.897746253252169,6719675.267675,0.00020317863143158078,1.1344548449305125,1.8792240366187933,6.283184342394126,4.541491408417569
803761340.0,1.0,-468602202.2159815,-139481558615.74667,-60462299299.25144,-0.987155261918059,-0.06751970356542436,-0.14479495328886838,-1.4078922465979304e-06,-0.9063024132050959,0.42262978576602656,-0.15976385343846145,0.41720142071792715,0.8946611010239782,6719563.483213943,0.00023755552794046798,1.1344512984035338,1.9271408463772222,6.283183753737998,4.516496546383501
803761360.0,1.0,-468042330.27076215,-139481498410.99185,-60462163493.08404,-0.9832341998365448,-0.07706415379407103,-0.16526228992663045,-2.1219303881284124e-06,-0.9063006778665317,0.42263350706512015,-0.18234721897327444,0.41554806881836104,0.8911056582886473,6719435.695163216,0.00027211789471399256,1.1344471923760069,1.9748257300581415,6.283182965847229,4.4917337349439865
803761380.0,1.0,-467485934.2244047,-139481438476.60574,-60462028271.957275,-0.9787965533969916,-0.0865682279984141,-0.18564279937391773,-3.041932587710683e-06,-0.9062987099119011,0.42263772714083453,-0.2048348287008748,0.41367691537386814,0.8870817902751948,6719292.1562753925,0.0003068750587600497,1.1344425359960668,2.022256267028846,6.28318195074471,4.46722541362082
803761400.0,1.0,-466932998.2562643,-139481378846.17508,-60461893708.10483,-0.9738446492535477,-0.09602694755112026,-0.20592577416207328,-4.192838081507055e-06,-0.9062965136931325,0.42264243664129864,-0.22721487429887796,0.411588938884038,0.8825916078717589,6719133.152244176,0.000341833534170496,1.1344373395789047,2.0694115692176824,6.283180680830971,4.4429924892758645
803761420.0,1.0,-466383504.714245,-139481319553.12238,-60461759873.40611,-0.9683810836012152,-0.10543535752635935,-0.22610055795292736,-5.599077103325689e-06,-0.9062940940449942,0.4226476251770663,-0.24947560380122666,0.40928523120490473,0.8776374665119767,6718959.00116149,0.0003769968155153293,1.1344316145842528,2.1162723521689566,6.283179129196972,4.419054265041108
803761440.0,1.0,-465837434.1247543,-139481260630.68796,-60461626839.3476,-0.9624087208077718,-0.11478852928537693,-0.24615655111666015,-7.284518456274203e-06,-0.9062914562745266,0.42265328134386226,-0.27160532774613344,0.4067669969752934,0.8722219649330193,6718770.0529059535,0.0004123652008111312,1.1344253735913299,2.1628209843040156,6.283177269456773,4.395428391042792
803761460.0,1.0,-465294765.20369196,-139481202111.91214,-60461494676.98452,-0.9559306919051656,-0.12408156304784548,-0.26608321627888065,-9.27241834376702e-06,-0.906288606149422,0.42265939274758696,-0.29359242529011587,0.40403555298431376,0.866347943806025,6718566.688463592,0.0004479356446785394,1.1344186302712955,2.2090415151282183,6.283175075983279,4.3721308361799
803761480.0,1.0,-464755474.8684338,-139481144029.61786,-60461363456.90286,-0.9489503929413032,-0.13330959044762586,-0.2858700838339545,-1.1585370579783594e-05,-0.9062855498853901,0.4226659460315147,-0.31542535028485763,0.40109232748037243,0.8600184842397589,6718349.319182005,0.00048370164184324046,1.1344113993572882,2.25491968349555,6.2831725238243505,4.349175879845305
803761500.0,1.0,-464219538.25082237,-139481086416.39273,-60461233249.18159,-0.9414714831931954,-0.14246777707158292,-0.3055067574216435,-1.4245258297906904e-05,-0.9062822941325208,0.42267292690562525,-0.3370926373136586,0.3979388594221192,0.8532369061583922,6718118.385959276,0.0005196531407233119,1.1344036966121105,2.3004429073900976,6.283169588834655,4.3265761221303505
803761520.0,1.0,-463686928.7111435,-139481029304.57227,-60461104123.35519,-0.9334978832425549,-0.1515513249801121,-0.3249829193641435,-1.727320727162862e-05,-0.9062788459607023,0.4226803201779966,-0.35858290768426937,0.39457679767177123,0.8460067665543727,6717874.35836906,0.0005557764864746558,1.134395538793644,2.345600256932678,6.283166247697341,4.30434251080461
803761540.0,1.0,-463157617.8530745,-139480972726.22208,-60460976148.37663,-0.9250337729149736,-0.16055547520804891,-0.34428833606064396,-2.0689540957227748e-05,-0.9062752128441085,0.4226881097881852,-0.37988487537493804,0.39100790013129355,0.838331857617426,6717617.733723473,0.0005920543925542602,1.1343869436180694,2.3903824125230426,6.283162477978142,4.282484383160421
803761560.0,1.0,-462631575.5395996,-139480916713.1214,-60460849392.58069,-0.9160835890839016,-0.1694755102446463,-0.3634128633365572,-2.4513737362619192e-05,-0.9062714026448007,0.4226962788425085,-0.4009873529305321,0.3872340328219407,0.8302162047408019,6717349.0360755315,0.0006284659396017603,1.1343779297209915,2.434781610122407,6.283158258177394,4.261009520717449
803761580.0,1.0,-462108769.90987283,-139480861296.74576,-60460723923.64752,-0.9066520233407354,-0.17830675649132305,-0.3823464517446099,-2.8764387843285832e-05,-0.9062674235954837,0.4227048096511474,-0.421879257305641,0.38325716890770195,0.8216640644059431,6717068.815163094,0.0006649866002178306,1.1343685166165527,2.4787915757072225,6.283153567776201,4.239924214756398
803761600.0,1.0,-461589167.3970165,-139480806508.25082,-60460599808.566895,-0.8967440195323877,-0.18704458669590296,-0.401079151815019,-3.345915792042631e-05,-0.9062632842814686,0.42271368376698026,-0.4425496156516024,0.3790793876632238,0.812679921946823,6716777.6452963175,0.000701588288079509,1.1343587246546414,2.522407450935618,6.283148387268002,4.219233340640441
803761620.0,1.0,-461072732.74683857,-139480752378.45544,-60460477113.60262,-0.8863647711677618,-0.19568442236207878,-0.4196011192520117,-3.861475020838778e-05,-0.906258993621855,0.42272288202604286,-0.46298757104443145,0.37470287338679725,0.8032684891952724,6716476.124190864,0.0007382394297070323,1.1343485749762983,2.5656257119666384,6.28314269822436,4.198940438984261
803761640.0,1.0,-460559429.03745866,-139480698937.8258,-60460355904.257545,-0.8755197186946775,-0.20422173613286038,-0.4379026200739998,-4.424686953734269e-05,-0.9062545608500214,0.42273238458952966,-0.48318238815069414,0.3701299142590555,0.7934347020086633,6716164.871749178,0.0007749050571377106,1.1343380894674278,2.6084440832769467,6.283136483293556,4.179047801826044
803761660.0,1.0,-460049217.69982064,-139480646216.45935,-60460236245.23906,-0.8642145466488045,-0.21265205414677818,-0.45597403569474826,-5.0370190346205046e-05,-0.9062499954934364,0.422742170987221,-0.5031234588283912,0.36536290114802383,0.7831837176813978,6715844.528792351,0.0008115469197296375,1.1343272907109292,2.6508614481660278,6.283129726279782,4.159556562111415
803761680.0,1.0,-459542058.5390781,-139480594244.0687,-60460118200.42501,-0.8524551806762726,-0.22097095836563913,-0.47380586794292995,-5.699832641732627e-05,-0.9062453073528645,0.42275222016223857,-0.5228003076599831,0.3604043263612161,0.7725209122416977,6715515.755745095,0.0008481236133281402,1.1343162019373652,2.692877757492851,6.2831224121494795,4.140466784946319
803761700.0,1.0,-459037909.7568372,-139480543049.96646,-60460001832.83011,-0.84024778443165,-0.22917408887264862,-0.4913887440174993,-6.414380301743294e-05,-0.9062405064809926,0.4227625105170123,-0.5422025974147271,0.35525678234548286,0.7614518776352566,6715179.231276642,0.000884590725041164,1.1343048469742842,2.734493937983343,6.283114527070155,4.121777559279574
803761720.0,1.0,-458536727.9742329,-139480492663.0497,-60459887204.57302,-0.8275987563530907,-0.2372571461397353,-0.5087134213763648,-7.181803150153876e-05,-0.9062356031605545,0.4227730199603529,-0.5613201344375497,0.34992296033534986,0.7499824187973718,6714835.6509003285,0.0009209009919430497,1.1342932501943268,2.775711801297245,6.283106058437503,4.103487088826454
803761740.0,1.0,-458038468.2558339,-139480443111.7849,-60459774376.84381,-0.8145147263164758,-0.24521589326294058,-0.5257707925558956,-8.003128643155333e-05,-0.9062306078819928,0.4227837259555137,-0.580142873961742,0.34440564895061154,0.7381185506152236,6714485.725534861,0.0009570044720729963,1.1342814364622331,2.816533954837225,6.283096994904963,4.085592781250492
803761760.0,1.0,-457543084.13433766,-139480394424.19333,-60459663409.87205,-0.8010025521704451,-0.25304615816474785,-0.5425518899188306,-8.879268525188722e-05,-0.9062255313207128,0.4227946055691236,-0.5986609253427957,0.33870773274395904,0.7258664947820325,6714130.180030281,0.0009928487261829364,1.1342694310808865,2.8569637151183334,6.283087326398284,4.068091334785369
803761780.0,1.0,-457050527.6360591,-139480346627.83624,-60459554362.89551,-0.787069316154267,-0.2607438357622607,-0.5590478903282236,-9.811017056041149e-05,-0.9062203843139833,0.4228056355208747,-0.6168645572107775,0.3328321906994567,0.7132326765448649,6713769.7516617775,0.00102837900877242,1.1342572597365204,2.8970050243528047,6.283077044143694,4.050978821641936
803761800.0,1.0,-456560749.3071759,-139480299749.8007,-60459447294.1294,-0.7727223212005647,-0.2683048901001552,-0.5752501197451029,-0.00010799049500270774,-0.9062151778375447,0.42281679223384755,-0.6347442025386797,0.3267820946826972,0.7002237213479162,6713405.188594572,0.0010635384670377712,1.1342449484432162,2.9366623707453505,6.283066140676083,4.034250767705165
803761820.0,1.0,-456073698.2407216,-139480253816.68582,-60459342260.73625,-0.7579690871249414,-0.2757253564473562,-0.5911500577475751,-0.0001184392088130759,-0.9062099229819729,0.42282805188535044,-0.6522904636242483,0.32056060784348583,0.6868464513731422,6713037.248323154,0.0010982683464554365,1.1342325234868307,2.975940712861592,6.283054609860025,4.017902228158438
803761840.0,1.0,-455589322.1042999,-139480208854.5888,-60459239318.79637,-0.7428173467046257,-0.28300134335641536,-0.6067393419691558,-0.00012946065001787077,-0.9062046309288616,0.4228393904581574,-0.6694941169828454,0.3141709829719324,0.6731078819801546,6712666.6960882805,0.00113250820180643,1.134220011368479,3.014845408306707,6.283042446897302,4.001927858798037
803761860.0,1.0,-455107567.16850924,-139480164889.09155,-60459138523.27902,-0.7272750416482772,-0.2901290346845886,-0.6220097724541678,-0.00014105793730870286,-0.9061993129268704,0.4228507837920208,-0.6863461181489665,0.3076165608088368,0.6590152180473439,6712294.303275121,0.001166196112535635,1.1342074387477066,3.0533821468408657,6.283029648336515,3.986321982911307
803761880.0,1.0,-454628378.3360467,-139480121945.24777,-60459039928.0141,-0.7113503184591665,-0.29710469157563646,-0.6369533159280901,-0.00015323296558814037,-0.9061939802677039,0.42286220763534255,-0.702837606384079,0.30090076831128776,0.6445758502162295,6711920.845796039,0.001199268901432054,1.1341948323854856,3.0915568879726973,6.283016212076426,3.9710786536771994
803761900.0,1.0,-454151699.1714789,-139480080047.56995,-60458943585.66465,-0.6950515241939603,-0.30392465440139665,-0.6515621099808092,-0.00016598640418113986,-0.9061886442620657,0.422873637696881,-0.7189599092885265,0.2940271168743981,0.6297973510410811,6711547.102461526,0.0012316623556788803,1.1341822190871609,3.129375802985142,6.283002137368465,3.9561917121348467
803761920.0,1.0,-453677471.9316564,-139480039220.01712,-60458849547.69988,-0.6783872021194082,-0.31058534466220555,-0.6658284671607699,-0.00017931769770115902,-0.9061833162156572,0.4228850496973825,-0.7347045473152898,0.2869992005101293,0.6146874710458818,6711173.85334286,0.0012633114494098045,1.1341696256454803,3.166845221286164,6.28298742481755,3.9416548408277645
803761940.0,1.0,-453205637.59675413,-139479999485.9823,-60458757864.368996,-0.6613660872692355,-0.31708326684526045,-0.6797448789780761,-0.00019322506955163354,-0.9061780074052552,0.42289641942101364,-0.7500632381834577,0.2798206939841632,0.5992541346907561,6710801.87813003,0.0012941505669650923,1.1341570787838338,3.2039715809252565,6.282972076374451,3.927461613282484
803761960.0,1.0,-452736135.901912,-139479960868.281,-60458668584.675606,-0.6439971019036259,-0.3234150102400534,-0.693304019814654,-0.00020770552803839326,-0.9061727290549408,0.42290772276648714,-0.7650279011893263,0.2724953509118063,0.583505436250003,6710431.9544885205,0.0013241137261106241,1.134144605099829,3.2407613830707587,6.282956095332618,3.913605539526988
803761980.0,1.0,-452268905.3694593,-139479923389.13953,-60458581756.35288,-0.6262893508736611,-0.32957725071002075,-0.7064987507396403,-0.0002227548750603492,-0.9061674923125154,0.42291893579776374,-0.7795906614130994,0.26502700181391237,0.567449635603914,6710064.856418559,0.001353134800529398,1.1341322310093267,3.2772211502115853,6.282939486321838,3.9000801078849414
803762000.0,1.0,-451803883.34170574,-139479887070.1838,-60458497425.83949,-0.6082521168931743,-0.33556675241958533,-0.7193221232282134,-0.0002383677173427301,-0.9061623082261732,0.42293003479422614,-0.7937438538192303,0.2574195521338399,0.5510951539465844,6709701.352620414,0.0013811477409564781,1.134119982691058,3.313357387819558,6.282922255284873,3.886878823309786
803762020.0,1.0,-451341006.01426995,-139479851932.4283,-60458415638.25605,-0.5898948557204449,-0.34138036951578643,-0.7317673827821384,-0.0002545374801686817,-0.9061571877214549,0.4229409963002112,-0.8074800272484929,0.24967698021645732,0.534450569411956,6709342.204869284,0.0014080867943642042,1.1341078860319382,3.349176549193058,6.28290440947576,3.873995242537794
803762040.0,1.0,-450880208.4699324,-139479817996.26605,-60458336437.38254,-0.5712271912522464,-0.3470150477637256,-0.7438279724503569,-0.000271256423561933,-0.9061521415785554,0.42295179717380377,-0.8207919482999466,0.24180333525023395,0.5175246126203474,6708988.166403362,0.0014338867206514893,1.1340959665731982,3.3846850031832916,6.2828859574315485,3.8614230063589097
803762060.0,1.0,-450421424.71299124,-139479785281.45767,-60458259865.63618,-0.5522589105327489,-0.352467826135073,-0.7554975362479993,-0.00028851566086476876,-0.9061471804100176,0.4229624146347859,-0.833672605101004,0.23380273517345998,0.5003261621477677,6708639.980328572,0.0014584830063240912,1.1340842494574368,3.4198890044988075,6.282866908957615,3.849155869309616
803762080.0,1.0,-449964587.7041004,-139479753807.12213,-60458185964.05038,-0.5329999586798229,-0.35773583834890876,-0.7667699224722565,-0.0003063051796553806,-0.9061423146388614,0.42297282631164795,-0.8461152109638755,0.22567936454565357,0.4828642399203178,6708298.378043475,0.0014818120746917841,1.1340727593767084,3.4547946662778823,6.2828472751035225,3.8371877270982804
803762100.0,1.0,-449509629.3955664,-139479723591.72675,-60458114772.25407,-0.5134604337313029,-0.36281631436419726,-0.7776391869135982,-0.0003246138649395103,-0.9061375544771926,0.42298301028756624,-0.8581132079267285,0.2174374723852184,0.46514800653601274,6707964.077687725,0.001503811492127644,1.1340615205217457,3.4894079346071685,6.282827068136104,3.825512642084503
803762120.0,1.0,-449056480.76709616,-139479694653.07843,-60458046328.452,-0.49365058141380547,-0.3677065818232136,-0.7880995959608788,-0.0003434295245493546,-0.906132909905331,0.42299294514525765,-0.8696602701779435,0.20908136997443272,0.44718675651638073,6707637.782617522,0.0015244201699756265,1.1340505565324173,3.523734564666672,6.2828063015123154,3.814124867132442
803762140.0,1.0,-448605071.86196005,-139479667008.31445,-60457980669.40578,-0.4735807898367046,-0.37240406744526966,-0.7981456295989235,-0.00036273891667917835,-0.906128390651499,0.4230026100106271,-0.8807503073619227,0.2006154286328533,0.428989913490207,6707320.179911276,0.001543578561704042,1.1340398904495161,3.5577800981748373,6.282784989850158,3.803018868164279
803762160.0,1.0,-448155331.82356274,-139479640673.89435,-60457917830.41549,-0.45326158411389916,-0.3769062983701077,-0.8077719842972416,-0.000382527779480335,-0.9061240061721101,0.4230119845951238,-0.8913774677649519,0.19204407746022956,0.41056702531181444,6707011.93890881,0.0015612288549359703,1.1340295446679687,3.5915498417977516,6.282763148894131,3.792189345749834
803762180.0,1.0,-447707188.93240327,-139479615665.59134,-60457857845.30233,-0.432703620916008,-0.38121090345035424,-0.8169735757885563,-0.00040278086264119994,-0.9061197656326847,0.42302104923673145,-0.9015361413796743,0.1833718010500338,0.3919277591162875,6706713.709787165,0.0015773151580055745,1.1340195408915483,3.6250488461873287,6.282740795481217,3.781631256067432
803762200.0,1.0,-447260570.6433946,-139479591998.485,-60457800746.391785,-0.41191768295568165,-0.385315614492449,-0.8257455417359085,-0.0004234819608646967,-0.9061156778894479,0.4230297849395185,-0.9112209628468013,0.17460313717471634,0.37308189631406097,6706426.1221761545,0.0015917836807061874,1.1340099000891797,3.658281885291956,6.28271794750295,3.7713398315925373
803762220.0,1.0,-446815403.6235359,-139479569686.9533,-60457746564.4977,-0.3909146734086797,-0.38921826744548715,-0.834083244287114,-0.00044461394916664454,-0.9061117514716086,0.42303817341167776,-0.9204268142727159,0.1657426744438068,0.3540393275273148,6706149.78381658,0.0016045829089199497,1.1340006424529023,3.6912534355770776,6.282694623869616,3.7613106018766564
803762240.0,1.0,-446371613.78991735,-139479548744.66617,-60457695328.90703,-0.3697056102734462,-0.3929168035374371,-0.8419822725154386,-0.0004661588199011413,-0.9061079945643871,0.4230461971019953,-0.9291488279217134,0.15679504993598717,0.33481004747061827,6705885.279264011,0.0016156637728415926,1.1339917873575742,3.7239676547696456,6.282670844464788,3.7515394148025933
803762260.0,1.0,-445929126.348032,-139479529184.5782,-60457647067.36543,-0.34830162067186343,-0.3964092703582136,-0.8494384447453636,-0.00048809772143101893,-0.9061044149927804,0.42305383923468365,-0.9373823887816368,0.1477649468062704,0.3154041497783002,6705633.168640901,0.001624979808514785,1.1339833533223715,3.756428359713288,6.282646630106467,3.742022458729161
803762280.0,1.0,-445487865.8303848,-139479511018.92255,-60457601806.06359,-0.32671393509394475,-0.3996938228891167,-0.8564478107624033,-0.0005104109983480043,-0.9061010202061341,0.4230610838425296,-0.9451231370017573,0.13865709186942632,0.29583182178100953,6705393.986439675,0.0016324873124351372,1.1339753579741567,3.7886390028893935,6.282622002500385,3.732756285970167
803762300.0,1.0,-445047756.1353811,-139479494259.20493,-60457559569.62434,-0.304953881589177,-0.4027687244781548,-0.8630066539059438,-0.0005330782331539052,-0.9060978172635004,0.4230679157982987,-0.9523669702017656,0.1294762531607987,0.27610333923397157,6705168.240379354,0.0016381454889817745,1.133967818012763,3.820602647116201,6.282596984195772,3.7237378380955577
803762320.0,1.0,-444608720.5664694,-139479478916.19785,-60457520381.09053,-0.2830328799072894,-0.4056323477608097,-0.8691114930441547,-0.0005560782893090643,-0.906094812819841,0.42307432084435664,-0.9591100456508223,0.1202272374756696,0.25622906099942455,6704956.410318103,0.00164191659046165,1.133960749178254,3.8523219378778863,6.282571598534869,3.7149644736027403
803762340.0,1.0,-444170681.87153506,-139479464999.93555,-60457484261.913666,-0.26096243559119614,-0.4082831755258032,-0.8747590844300378,-0.0005793893555550156,-0.9060920131130652,0.4230802856204584,-0.9653487823156387,0.11091488788832737,0.23621942368576287,6704758.9472240275,0.001643766049578669,1.1339541662202,3.883799072674566,6.282545869608029,3.7064339985671273
803762360.0,1.0,-443733562.2825157,-139479452519.70868,-60457451231.9434,-0.23875413402491286,-0.4107198015254633,-0.8799464234377553,-0.0006029889914160314,-0.9060894239519457,0.42308579768967214,-0.9710798627766356,0.10154408125200617,0.2160849362459032,6704576.272206388,0.0016436626041507983,1.1339480828690218,3.915035766689241,6.282519822199423,3.698144700975901
803762380.0,1.0,-443297283.555226,-139479441484.06018,-60457421309.41772,-0.2164196344392315,-0.41294093123029674,-0.8846707461783988,-0.0006268541737844691,-0.9060870507049184,0.4230908455624013,-0.9763002350112563,0.09211972568086713,0.19583617453741142,6704408.775609216,0.001641578413932488,1.1339425118094297,3.9460332139644336,6.282493481738286,3.69009538955222
803762400.0,1.0,-442861767.0093814,-139479431900.78076,-60457394510.95395,-0.19397066387793416,-0.4149453825273979,-0.8889295309944119,-0.000650961344498241,-0.9060848982897627,0.42309541871847145,-0.9810071140435637,0.08264675801519464,0.1754837758469321,6704256.816169265,0.0016374891694203892,1.1339374646560008,3.9767920431450703,6.282466874244938,3.6822854380133228
803762420.0,1.0,-442426933.568796,-139479423776.90515,-60457370851.54053,-0.17141901112740565,-0.4167320863623508,-0.8927204998319379,-0.0006752864588107643,-0.9060829711642122,0.42309950762726295,-0.9851979834593153,0.07313014127099687,0.15503843338147816,6704120.720240062,0.0016313741925490556,1.1339329519309218,4.007312266674655,6.282440026277775,3.674714835875472
803762440.0,1.0,-441992703.80174375,-139479417118.70862,-60457350344.529564,-0.14877652061243385,-0.41830008732429175,-0.8960416194903832,-0.0006998050346623264,-0.9060812733174719,0.423103103765859,-0.9888705967857333,0.06357486207519228,0.13451089072914724,6704000.781083627,0.0016232165292175936,1.1339289830439165,4.037593222124263,6.282412964878624,3.6673842471262077
803762460.0,1.0,-441558997.96146816,-139479411931.70392,-60457333001.63022,-0.12605508626105233,-0.41964854417382597,-0.8988911027485519,-0.0007244922026575229,-0.9060798082626675,0.4231061996351947,-0.9920229787352547,0.053985928087579876,0.11391193629183705,6703897.258231371,0.0016130030336212776,1.1339255662743917,4.067633504068668,6.282385717516963,3.6602950783496078
803762480.0,1.0,-441125736.0268229,-139479408220.63837,-60457318832.90283,-0.10326664534127916,-0.42077673031351065,-0.901267409366737,-0.0007493227566538474,-0.9060785790302326,0.42310878877418834,-0.9946534263125848,0.04436836541079128,0.093252397692551,6703810.376915478,0.0016007244444037943,1.1339227087558044,4.09743088459809,6.282358312034511,3.6534495582160433
803762500.0,1.0,-440692837.7430249,-139479405989.4916,-60457307846.75378,-0.08042317227260742,-0.42168403420063777,-0.9031692469642035,-0.0007742712048709466,-0.9060775881622387,0.4231108657718477,-0.9967605097844278,0.03472721598943068,0.07254313615988461,6703740.327571957,0.001586375452695171,1.1339204164622787,4.126982220137522,6.28233077658913,3.6468508306645
803762520.0,1.0,-440260222.6625141,-139479405241.4735,-60457300049.93126,-0.05753667241512184,-0.4223699597020638,-0.9045955717715359,-0.0007993118214254247,-0.9060768377076638,0.4231124262773335,-0.998343073511309,0.025067534999612368,0.05179504089231046,6703687.26541636,0.0015699547621497443,1.1339186941974702,4.15628334172203,6.2823031395964195,3.640503064629039
803762540.0,1.0,-439827810.1858982,-139479405979.0226,-60457295447.52173,-0.03461917583913876,-0.42283412639086615,-0.9055455892573779,-0.0008244186982010737,-0.9060763292186225,0.42311346700798413,-0.999400236640971,0.015394388230114325,0.03101902340486684,6703651.310093103,0.0015514651411690013,1.1339175455856954,4.185328925211249,6.282275429673516,3.63441158382622
803762560.0,1.0,-439395519.6029629,-139479408203.80447,-60457294042.94722,-0.011682731078257458,-0.42307626978461066,-0.9060187546291147,-0.0008495657969642967,-0.9060760637475354,0.4231139857552908,-0.99993139366284,0.005712849456369823,0.010226011860892559,6703632.545399033,0.0015309134675745063,1.1339169730653187,4.214112337076129,6.28224767558114,3.6285830209703844
803762580.0,1.0,-438963270.1337462,-139479411916.71124,-60457295837.96335,0.01126060113126115,-0.4230962415250487,-0.9060147732071151,-0.0008747270016343234,-0.9060760418452574,0.4231139813888263,-0.9999362148231432,-0.00397200219147556,-0.010573054608563393,6703631.019081912,0.0015083107660852988,1.1339169778844091,4.242625450293655,6.282219906165216,3.6230255018811297
803762600.0,1.0,-438530980.9696485,-139479417117.8607,-60457300832.65822,0.03419875412186024,-0.4228940094990715,-0.9055336006721738,-0.0008998761706192071,-0.9060762635601507,0.4231134538581281,-0.9994146464002768,-0.013655084865205336,-0.03136723159499355,6703646.742714171,0.001483672239082358,1.1339175600986566,4.270858423470887,6.282192150299782,3.6177488663615884
803762620.0,1.0,-438098571.3145703,-139479423806.5962,-60457309025.452065,0.057119661573865166,-0.4224696579007793,-0.9045754431858549,-0.000924987189131754,-0.906076728438109,0.4231124041925426,-0.9983669108400915,-0.023331316638632443,-0.052145575109695086,6703679.691642232,0.0014570172912909153,1.1339187185715425,4.298799434470427,6.282164436828542,3.6127649345754382
803762640.0,1.0,-437665960.42606497,-139479431981.48685,-60457320413.09766,0.08001126379951762,-0.421823387234536,-0.9031407573834697,-0.0009500340213968173,-0.9060774355235257,0.4231108344990356,-0.9967935067508028,-0.03299561814991209,-0.07289714728535723,6703729.805011541,0.0014283695492042997,1.1339204509767626,4.326434357380252,6.282136794507327,3.6080878300796955
803762660.0,1.0,-437233067.6564802,-139479441640.32794,-60457334990.68154,0.1028615140289072,-0.42095551425890554,-0.9012302502394721,-0.0009749907626651899,-0.9060783833611992,0.42310874795797926,-0.9946952087572826,-0.0426429152448152,-0.09361102207929317,6703796.98586725,0.0013977568763282092,1.133922753802885,4.3537463684536775,6.282109251946171,3.6037343738875554
803762680.0,1.0,-436799812.4940899,-139479452780.14203,-60457352751.626076,0.12565838469481871,-0.4198664718713869,-0.8988448788051043,-0.0009998316909501925,-0.9060795699991786,0.423106148816929,-0.9920730672145467,-0.05226814161970325,-0.1142762909756172,6703881.10133042,0.0013652113856486823,1.1339256223602332,4.380715462340757,6.282081837552617,3.5997245682399304
803762700.0,1.0,-436366114.60418755,-139479465397.1799,-60457373687.69219,0.14838987371350632,-0.41855680893388314,-0.895985849818162,-0.0010245313184019944,-0.906080992992532,0.4231030423824008,-0.9889284077802937,-0.06186624146294098,-0.13488206868365293,6703981.982849371,0.0013307694511751056,1.1339290507899793,4.407317854128662,6.28205457947463,3.596082194568206
803762720.0,1.0,-435931893.87012964,-139479479486.92245,-60457397788.98305,0.1710440107583897,-0.4170271900388671,-0.892654619184806,-0.0010490644422378181,-0.9060826494080416,0.4230994350096694,-0.9852628308464094,-0.07143217209347646,-0.155417498829856,6704099.426525751,0.0012944717209970248,1.1339330320754277,4.433525234790128,6.28202750554399,3.592835558049096
803762740.0,1.0,-435497070.43432075,-139479495044.08264,-60457425043.94837,0.1936088635236577,-0.41527839521622256,-0.888852891333384,-0.0010734061951462592,-0.9060845358298,0.4230953340905998,-0.9810782108294007,-0.08096090659531235,-0.17587175964050417,6704233.193514703,0.0012563631351147362,1.1339375580554694,4.459303836735287,6.282000643220965,3.5900184220562963
803762760.0,1.0,-435061564.73911333,-139479512062.6077,-60457455439.38973,0.21607254397474052,-0.4133113195807705,-0.8845826184402932,-0.0010975320950848688,-0.9060866483657297,0.42309074803953994,-0.9763766953197845,-0.09044743644658673,-0.1962340696124305,6704383.010498331,0.0012164929524311671,1.1339426194401867,4.484613250954106,6.2819740195391205,3.5876711910217205
803762780.0,1.0,-434625297.5676122,-139479530535.68216,-60457488960.46643,0.23842321458261384,-0.4111269729205045,-0.8798459995279376,-0.001121418094389287,-0.9060889826549778,0.4230856862772894,-0.9711607040904974,-0.09988677414197597,-0.21649369316901468,6704548.57023165,0.001174914792883901,1.1339482058285797,4.509404915775253,6.2819476610506815,3.585842421680502
803762800.0,1.0,-434188190.08437353,-139479550455.73053,-60457525590.70234,0.26064909453887863,-0.40872647922558664,-0.8746454794349077,-0.0011450406281170444,-0.9060915338761975,0.4230801592131703,-0.9654329279644565,-0.10927395580712565,-0.23663994629867569,6704729.532159861,0.001131686702987888,1.1339543057283918,4.533620166570023,6.281921593773386,3.5845907733711324
803762820.0,1.0,-433750163.8759715,-139479571814.42123,-60457565311.99346,0.2827384659485377,-0.40611107615818615,-0.8689837476585553,-0.0011683766615450675,-0.9060942967567025,0.4230741782252301,-0.9591963275414708,-0.11860404380381359,-0.25666220217308733,6704925.523105889,0.0010868712563471387,1.133960906578001,4.5571876911682665,6.281895843137945,3.5839875526237996
803762840.0,1.0,-433311140.9914216,-139479594602.67014,-60457608104.61634,0.3046796799973994,-0.40328211446325535,-0.8628637370701866,-0.0011914037367453945,-0.9060972655824837,0.4230677556385997,-0.9524541317847377,-0.127872129324539,-0.2765498967423239,6705136.138026776,0.0010405357056149955,1.1339679947703512,4.580020170092166,6.281870433936595,3.584120072931085
803762860.0,1.0,-432871043.98244303,-139479618810.64484,-60457653947.23717,0.3264611630910018,-0.400241057320373,-0.8562886225031491,-0.001214100018156694,-0.9061004342090557,0.42306090470203916,-0.9452098364672347,-0.1370733349752308,-0.29629253430411007,6705360.940837527,0.0009927522097099952,1.1339755556788826,4.602009782250774,6.281845390272262,3.585096149058111
803762880.0,1.0,-432429795.9435513,-139479644427.7692,-60457702816.92181,0.34807142296196847,-0.3969894796368052,-0.849261819214151,-0.0012364443370819767,-0.9061037960731393,0.42305363956270203,-0.9374672024783757,-0.14620281734476218,-0.3158796930443972,6705599.465300803,0.0009435981714038576,1.1339835736854327,4.623022106442027,6.281820735510275,3.5870501955454106
803762900.0,1.0,-431987320.5519418,-139479671442.7285,-60457754689.14652,0.3694990547426662,-0.3935290672819667,-0.8417869812182066,-0.0012584162350297579,-0.9061073442051617,0.42304597523915544,-0.9292302539913644,-0.15525576955995565,-0.3353010305464186,6705851.215980766,0.0008931567380586612,1.1339920322100632,4.642887714898178,6.281796492229519,3.5901516331686056
803762920.0,1.0,-431543542.107176,-139479699843.47452,-60457809537.80959,0.3907327470000498,-0.3898616162634836,-0.8338679994976538,-0.0012799960058265947,-0.9061110712425426,0.42303792759268843,-0.9205032764917352,-0.16422742382475572,-0.3545462892653988,6706115.669259198,0.0008415175466376297,1.1340009137427778,4.661390382502471,6.281772682176959,3.5946166797270425
803762940.0,1.0,-431098385.57063234,-139479729617.23123,-60457867335.24361,0.4117612877295562,-0.3859890318450966,-0.8255090000857548,-0.001301164736424082,-0.9061149694437642,0.423029513296951,-0.9112908146676484,-0.17311305394224769,-0.3736053019660752,6706392.274411959,0.0007887778407110802,1.1340101998770824,4.678250228014642,6.281749326221385,3.6007252088238157
803762960.0,1.0,-430651776.60470307,-139479760750.50116,-60457928052.228676,0.43257357030491295,-0.38191332760666286,-0.8167143420254518,-0.0013219043463278957,-0.9061190307031972,0.42302074980596177,-0.901597670162562,-0.1819079778181945,-0.3924679971201932,6706680.454743709,0.0007350441659674888,1.1340198713453455,4.693099087897349,6.2817264443109355,3.6088453760450734
803762980.0,1.0,-430203641.6117372,-139479793229.07132,-60457991658.00637,0.4531585993807087,-0.37763662444655155,-0.8074886152039102,-0.0013421976255723334,-0.9061232465666675,0.42301165532053187,-0.8914288991909833,-0.19060755994476394,-0.41112440426111285,6706979.608778619,0.0006804349882136633,1.134029908055907,4.705443675769914,6.281704055430479,3.61947045951221
803763000.0,1.0,-429753907.7726898,-139479827038.02048,-60458058120.29445,0.47350549674457776,-0.3731611495267509,-0.7978366380635477,-0.0013620282711703235,-0.9061276082477396,0.42300224875314696,-0.880789810018065,-0.19920721386311424,-0.42956465929267984,6707289.111504825,0.0006250848260107311,1.1340402891318897,4.714608980066144,6.281682177561855,3.633275462230187
803763020.0,1.0,-429302503.0854665,-139479862161.726,-60458127405.30241,0.493603507115841,-0.36848923516104204,-0.7877634551903079,-0.001381380921962827,-0.9061321066446941,0.42299254969135947,-0.8696859603038849,-0.20770240460350728,-0.4477790097494865,6707608.315670143,0.0005691509558168499,1.13405099295165,4.719648667294719,6.281660827645392,3.6512067088334743
803763040.0,1.0,-428849356.40295357,-139479898583.87158,-60458199477.74785,0.5134420038874525,-0.3636233176466177,-0.7772743347800082,-0.0014002411917998503,-0.9061367323581746,0.422982578359742,-0.8581231543133201,-0.21608865110161962,-0.4657578200056771,6707936.553126511,0.0005128246594603489,1.134061997190819,4.719198465682589,6.281640021542985,3.6746284619491827
803763060.0,1.0,-428394397.47069424,-139479936287.45496,-60458274300.873535,0.5330104948080852,-0.35856593603956183,-0.7663747659836624,-0.0014185957009807404,-0.9061414757094839,0.42297235558045343,-0.8461074399925093,-0.22436152858971437,-0.48349157642942475,6708273.136220514,0.00045635085586228204,1.1340732788658694,4.711227297188204,6.281619774003898,3.705571790190526
803763080.0,1.0,-427937556.96421015,-139479975254.79636,-60458351836.46536,0.5522986276012072,-0.35331973087463686,-0.7550704561327355,-0.0014364321058833729,-0.9061463267594947,0.42296190273248047,-0.8336451059129588,-0.2325166709613512,-0.5009708924802145,6708617.359227213,0.0004000640024270572,1.1340848143791438,4.692598017203514,6.281600098631852,3.7471738284616984
803763100.0,1.0,-427478766.5259338,-139480015467.54688,-60458432044.870995,0.5712961955179927,-0.34788744282985573,-0.7433673278453737,-0.0014537391267166189,-0.9061512753281591,0.42295124170961185,-0.8207426780844401,-0.2405497731083006,-0.5181865137460895,6708968.499824471,0.00034445734817171786,1.1340965795652798,4.65826188854738,6.281581007854342,3.804483303971501
803763120.0,1.0,-427017958.80174184,-139480056906.6978,-60458514885.019394,0.5899931428209217,-0.34227191133634954,-0.7312715160147109,-0.001470506573327035,-0.9061563110145678,0.42294039487720714,-0.8074069166378929,-0.24845659322833868,-0.535129322917983,6709325.820604792,0.0002903244610627535,1.134108549738959,4.599740742167571,6.281562512894999,3.88597837553852
803763140.0,1.0,-426555067.4770612,-139480099552.5897,-60458600314.44101,0.6083795701949325,-0.33647607313407707,-0.7187893646804332,-0.0014867253689963,-0.9061614232175523,0.4229293850278304,-0.7936448123796355,-0.25623295510260347,-0.5517903446983119,6709688.5706216525,0.00023906404288267827,1.1341206997439068,4.502316496079822,6.281544623746323,4.0063771146593865
803763160.0,1.0,-426090027.3125281,-139480143384.92212,-60458688289.28888,0.626445740082991,-0.3305029607739563,-0.7059274237848551,-0.0015023875721650315,-0.906166601156775,0.4229182353358172,-0.7794635832182647,-0.2638747503411937,-0.5681607506409749,6710055.986967212,0.00019334504700897295,1.1341330040030668,4.340786078884717,6.281527349146633,4.190882581999344
803763180.0,1.0,-425622774.17918414,-139480188382.7638,-60458778764.36031,0.6441820819429636,-0.3243557010670326,-0.6926924458148385,-0.0015174863960218665,-0.9061718338942955,0.42290696931084965,-0.7648706704657116,-0.27137794059570103,-0.584231863919942,6710427.2963782055,0.00015834749147858803,1.1341454365698647,4.079963358699601,6.281510696558525,4.474680898467879
803763200.0,1.0,-425153245.0931799,-139480234524.56293,-60458871693.11955,0.661579197422697,-0.31803751348132675,-0.6790913823309459,-0.0015320162259002124,-0.9061771103565524,0.4228956107506111,-0.7498737350139846,-0.2787385597373706,-0.5999951640236052,6710801.716866726,0.00014237701406831458,1.134157971180481,3.7108387862043917,6.2814946721494795,4.866781602180545
803763220.0,1.0,-424681378.24996936,-139480281788.15808,-60458967027.720985,0.6786278654502107,-0.3115517084870566,-0.6651313803853243,-0.0015459726344234648,-0.9061824193567485,0.42288418369260905,-0.7344806533892534,-0.28595271599959804,-0.6154422913721069,6711178.459372597,0.00015155688692132022,1.1341705813070422,3.323425671616633,6.281479280775216,5.277171371491643
803763240.0,1.0,-424207113.0579745,-139480330150.78925,-60459064719.03329,0.6953190472359443,-0.3049016858509441,-0.6508197788298623,-0.0015593523943478738,-0.9061877496175801,0.42287271236524143,-0.7186995136849675,-0.29301659408347186,-0.6305650518548525,6711556.7294338485,0.0001819737189106335,1.1341832402116359,3.030984925602347,6.281464525966346,5.592589284091129
803763260.0,1.0,-423730390.1716903,-139480379589.1091,-60459164716.66413,0.7116438911840194,-0.29809093288036853,-0.6361641045162633,-0.001572153489050876,-0.9061930897942876,0.4228612211381992,-0.7025386113758264,-0.29992645722509,-0.6453554212854586,6711935.728871942,0.00022494931895105248,1.134195921001058,2.84588359609371,6.281450409916034,5.800668280194767
803763280.0,1.0,-423251151.5242197,-139480430079.19513,-60459266968.985825,0.7275937377094961,-0.29112302261815565,-0.6211720683897449,-0.0015843751206174317,-0.9061984284979703,0.42284973447229135,-0.6860064450144782,-0.3066786492233833,-0.6598055497713851,6712314.65748813,0.00027437175942769004,1.1342085966821902,2.733754555337345,6.281436933472035,5.935775475503674
803763300.0,1.0,-422769340.35920477,-139480481596.56165,-60459371423.16146,0.7431601239586445,-0.2840016119888317,-0.6058515614781539,-0.001596017715481679,-0.9062037543191304,0.4228382768687872,-0.669111711812926,-0.31326959642719615,-0.6739077659955535,6712692.714767443,0.0003270264200369955,1.1342212402179037,2.666013446971507,6.281424096130077,6.026495214134982
803763320.0,1.0,-422284901.2621387,-139480534116.17203,-60459478025.171974,0.758334788429271,-0.27673043989720914,-0.5902106507783724,-0.0016070829275841025,-0.9062090558514071,0.422826872818374,-0.6518633031107033,-0.31969580968038774,-0.6876545814072679,6713069.101586681,0.0003812521755248597,1.1342338245833852,2.625548867973014,6.281411896030703,6.089938886682734
803763340.0,1.0,-421797780.1910379,-139480587612.45187,-60459586719.84377,0.7731096754881873,-0.2693133252802014,-0.5742575750419581,-0.0016175736390077189,-0.9062143217154361,0.42281554674982613,-0.6342702997319614,-0.3259538862237302,-0.7010386943197755,6713443.0219228,0.0004361271621696334,1.1342463228227715,2.602540868155417,6.281400329959198,6.13592643072753
