662731200.0	-8.315761842958494	1.5833187325140706e-05	-0.00011868398368578604	6928137.0	0.0	1.5882496193148399	0.0	0.0	0.0	0.0020415725312457056	-1.749473398103404	0.0	1.0	-0.0	-0.017452406437283477	0.0	0.9998476951563913	0.9998476951563913	0.0	0.017452406437283477	-1.2213241697000242e-09	-1.2472785862521679e-09	-2.5954416552143816e-11	1.0	0.0	0.0	0.0	1.0	0.0	0.0	0.0	1.0	-0.08386845390363178	-1.1950234900710162e-16	1.5707963267948966	-0.08387325052086048	7.659709467837732e-17	0.0	6.586426422620576e-10	-3.165206438124134e-08	-1.5496710869489637e-09	-1.5826032190620665e-09	-3.293213211310288e-11	0.0	0.0	0.0
662731202.0	-8.315740455620327	0.00033345896643034555	-0.018374787027548623	6928136.473617095	3.0138817776370945e-06	1.588249615823327	1.597106014953094	6.283185307179586	4.688268939577013	0.004230886575417259	-1.7496574448320168	-0.0021926585989600774	0.999997596121245	3.772771802148602e-12	-0.0174523609928334	-3.8267165164914146e-05	0.9998476952173265	0.9998452917046937	0.0021923246465028424	0.01745240294630234	-1.2248872834907197e-09	-1.2541693079888696e-09	-2.9282454460308585e-11	0.9999999999999967	-4.202233959274783e-09	8.116768240774305e-08	4.202254439901005e-09	0.9999999999999681	-2.523248876160555e-07	-8.116768134741225e-08	2.523248879571419e-07	0.9999999999999649	-0.08386811747530466	-3.0028721141387537e-06	1.5729917853425768	-0.08387300459955983	-3.859817937841075e-05	8.29857286856214e-11	6.604978337888071e-10	-3.176140217000066e-08	-1.5550444067109103e-09	-1.5922191265548885e-09	-3.7174170425990056e-11	-2.5244745793595214e-07	-8.124228103231026e-08	-4.288373598767712e-09
662731204.0	-8.315678756198684	0.0006510826912835455	-0.036630789315175015	6928135.763606509	6.028114459620991e-06	1.5882496126048944	1.602600793957364	6.283185307179586	4.684963807854327	0.0064202005447329125	-1.7498414922452972	-0.004385306425263648	0.9999903844975494	1.429382634731574e-11	-0.017452231914704824	-7.653413495655793e-05	0.9998476952734959	0.9998380812355329	0.004384638522118452	0.017452399728359855	-1.2284238799041735e-09	-1.2610482892401328e-09	-3.262613574305675e-11	0.9999999999999469	-1.7498658846699087e-08	3.252672765364749e-07	1.7498987457157743e-08	0.9999999999994895	-1.0102782860845935e-06	-3.252672588577938e-07	1.010278291776388e-06	0.9999999999994368	-0.08386754745124335	-6.005583013480432e-06	1.5751870801637473	-0.08387286309905348	-7.719035512623259e-05	1.664419172981254e-10	6.623304605847597e-10	-3.1870249611508544e-08	-1.5603927050717554e-09	-1.6018335062639748e-09	-4.143857966764002e-11	-5.056276012056312e-07	-1.6293177671120706e-07	-9.094739655111153e-09
662731206.0	-8.315576745105265	0.000968702796628219	-0.05488660040307569	6928134.869991672	9.042752932667327e-06	1.588249609659614	1.6080949726804068	6.283185307179586	4.681659276343807	0.008609514435841126	-1.7500255407392202	-0.00657793289342788	0.9999783651653918	3.0366956385488456e-11	-0.017452019203610496	-0.00011480072523319919	0.9998476953248981	0.9998260637853799	0.00657693104296574	0.017452396783528144	-1.231933896008141e-09	-1.2679153152565472e-09	-3.598531839332933e-11	0.9999999999997303	-4.092730912689033e-08	7.331924666746601e-07	4.092897737433833e-08	0.9999999999974106	-2.2753200813805405e-06	-7.331923735500331e-07	2.275320111388745e-06	0.9999999999971426	-0.0838667438398957	-9.008089408285355e-06	1.5773822104590882	-0.08387282752827883	-0.00011577864255604963	2.503658574551324e-10	6.641402526783228e-10	-3.197860313652785e-08	-1.5657157990900814e-09	-1.6114460494857003e-09	-4.5725198152351773e-11	-7.595349501331284e-07	-2.450677174332778e-07	-1.4421516239863921e-08
662731208.0	-8.315434422964842	0.0012863177172742365	-0.07314212984973564	6928133.792799609	1.2057852029776773e-05	1.588249606987552	1.6135884923102752	6.283185307179586	4.678355403857276	0.010798828245391023	-1.7502095906588693	-0.008770527418091199	0.9999615381847488	5.0795558540189947e-11	-0.017451722860669705	-0.00015306675185538577	0.9998476953715321	0.999809239414201	0.008769191625284849	0.017452394111873167	-1.2354172710028594e-09	-1.2747701734039035e-09	-3.935986034905048e-11	0.9999999999991446	-7.553078094889246e-08	1.305835402608765e-06	7.553606814423023e-08	0.9999999999918003	-4.048899181263645e-06	-1.3058350967815407e-06	4.048899279897853e-06	0.9999999999909506	-0.08386570665319412	-1.2010348016973003e-05	1.5795771754315078	-0.083872899381527	-0.0001543651648955049	3.347548189329271e-10	6.659269412684359e-10	-3.208645920284888e-08	-1.5710135073001336e-09	-1.621056447996374e-09	-5.0033863009496545e-11	-1.014164012274494e-06	-3.276493197147291e-07	-2.0271099368586098e-08
662731210.0	-8.315251790615227	0.001603925888122058	-0.09139728721617663	6928132.5320609175	1.5073466523613458e-05	1.5882496045887682	1.619081294225448	6.283185307179586	4.6750522490161375	0.012988141970035061	-1.7503936423784843	-0.01096307941406702	0.9999399036390941	7.438266402647685e-11	-0.0174513428874083	-0.00019133203068687506	0.9998476954133966	0.9997876082054563	0.010961409685490883	0.01745239171345472	-1.2388739462850588e-09	-1.2816126532482281e-09	-4.274961951295832e-11	0.9999999999979033	-1.223561843702969e-07	2.044086675264176e-06	1.2236912845189816e-07	0.9999999999799425	-6.3324534891075555e-06	-2.04408590040833e-06	6.332453739227384e-06	0.9999999999778608	-0.0838644359065553	-1.5012315567774585e-05	1.5817719742861533	-0.08387308013840336	-0.0001929520532033498	4.1960604992186353e-10	6.676902587554765e-10	-3.219381429567067e-08	-1.576285649732145e-09	-1.6306643940842969e-09	-5.436441019967836e-11	-1.2695092828657768e-06	-4.10675786331967e-07	-2.6645862994597973e-08
662731212.0	-8.315028849107305	0.0019215257441283105	-0.10965198206652826	6928131.087809777	1.8089651119698464e-05	1.5882496024633164	1.6245733198017278	6.283185307179586	4.671749870444468	0.015177455606425916	-1.7505776962651003	-0.013155578296397444	0.9999134616353994	9.993096979424805e-11	-0.017450879285758666	-0.00022959637759556366	0.9998476954504908	0.9997611702660997	0.013153574640227596	0.017452389588326463	-1.2423038654044763e-09	-1.2884425465303278e-09	-4.615445376946222e-11	0.9999999999956355	-1.824550955745969e-07	2.948835292666318e-06	1.8248201079617083e-07	0.9999999999583286	-9.127409878606207e-06	-2.9488336272009943e-06	9.127410416675765e-06	0.9999999999539974	-0.08386293161888186	-1.8013948797637057e-05	1.5839666062304385	-0.0838733712637865	-0.00023154144628633266	5.049167772854644e-10	6.694299387717528e-10	-3.230066492796793e-08	-1.5815320479319218e-09	-1.6402695805812372e-09	-5.871667453108524e-11	-1.525565245265437e-06	-4.941463064615935e-07	-3.3548159004671286e-08
662731214.0	-8.314765599704947	0.0022391157203724248	-0.12790612396859402	6928129.460083957	2.1106460449796863e-05	1.5882496006112437	1.6300645105290854	6.283185307179586	4.668448326652181	0.01736676915121893	-1.7507617526931134	-0.015348013480406958	0.999882212304132	1.2624286995953568e-10	-0.017450332058059667	-0.00026785960845441604	0.9998476954828139	0.9997299257265777	0.015345675906421078	0.017452387736535836	-1.2457069740669108e-09	-1.2952596471880384e-09	-4.95742210026673e-11	0.9999999999918829	-2.5688350908768853e-07	4.02096865622246e-06	2.5693351055568346e-07	0.9999999999226501	-1.2435184169352493e-05	-4.020965461517693e-06	1.2435185202373147e-05	0.999999999914599	-0.08386119381256141	-2.1015204454114637e-05	1.5861610704740536	-0.08387377420778945	-0.00027013549061938015	5.906842068231025e-10	6.711457162117237e-10	-3.24070076408501e-08	-1.5867525249800334e-09	-1.6498717008936735e-09	-6.309048967603145e-11	-1.7823263714062113e-06	-5.780600558247252e-07	-4.098031721775674e-08
662731216.0	-8.314462043885024	0.002556694252030642	-0.1461596224944224	6928127.648924806	2.4123949065217995e-05	1.5882495990325913	1.635554807997226	6.283185307179586	4.665147676049459	0.019556082601070557	-1.7509458120079102	-0.017540374381756138	0.9998461557992548	1.5212048681933173e-10	-0.01744970120705667	-0.00030612153914239443	0.9998476955103651	0.9996938747408289	0.017537702901333465	0.017452386158124108	-1.249083220090202e-09	-1.3020637513294462e-09	-5.300877911245889e-11	0.9999999999860989	-3.4670178999937016e-07	5.261372537324951e-06	3.4678732504454523e-07	0.9999999998677919	-1.6257181103285164e-05	-5.261366900235565e-06	1.6257182927636482e-05	0.999999999854011	-0.08385922251346838	-2.4016039296901984e-05	1.588355366228991	-0.08387429040572061	-0.0003087363402590635	6.769055235360382e-10	6.728373272618403e-10	-3.251283900390755e-08	-1.5919469055103213e-09	-1.6594704490335067e-09	-6.7485688187674e-11	-2.0397871222320786e-06	-6.624161968277004e-07	-4.8944645386107146e-08
662731218.0	-8.314118183337387	0.002874259774397343	-0.16441238722086868	6928125.654377242	2.7142171430135304e-05	1.588249597727395	1.6410441538763767	6.283185307179586	4.661847976965965	0.021745395952638802	-1.751129874598647	-0.019732650416495353	0.9998052922982257	1.7636570236267462e-10	-0.017448986735901492	-0.00034438198554538764	0.9998476955331438	0.9996530174862829	0.01972964504261661	0.01745238485312636	-1.2524325534605202e-09	-1.308854657310246e-09	-5.645798603442024e-11	0.9999999999776468	-4.529746261957158e-07	6.670931054276971e-06	4.531120125627334e-07	0.9999999997878246	-2.0594794322000932e-05	-6.670921723942304e-06	2.059479734421957e-05	0.9999999997656766	-0.08385701775096498	-2.701641009673819e-05	1.5905494927095558	-0.08387492127804982	-0.0003473461567593573	7.635778918965083e-10	6.74504509429905e-10	-3.2618155615540796e-08	-1.5971150157275583e-09	-1.669065519648062e-09	-7.190210151688276e-11	-2.297941948140902e-06	-7.47213878705856e-07	-5.744342919929111e-08
662731220.0	-8.313734019964865	0.0031918107228872585	-0.18266432773016883	6928123.47648976	3.0161181915010445e-05	1.5882495966956829	1.646532489988657	6.283185307179586	4.65854928757947	0.023934709202584337	-1.7513139408327758	-0.021924831001118437	0.9997596220019952	1.9778018983495486e-10	-0.017448188648152382	-0.00038264076355713994	0.9998476955511496	0.9996073541638592	0.021921491748365766	0.017452383821571455	-1.2557549262608628e-09	-1.3156321656780976e-09	-5.992169975455983e-11	0.999999999965798	-5.767709806079879e-07	8.250526649540525e-06	5.769809514461102e-07	0.9999999996759974	-2.5449406344924722e-05	-8.25051196838828e-06	2.5449411104451018e-05	0.9999999996421283	-0.08385457955790135	-3.001627363813492e-05	1.592743449132386	-0.08387566823036931	-0.0003859671090914362	8.506984561199424e-10	6.761470015742338e-10	-3.272295410328612e-08	-1.602256683424904e-09	-1.6786566080500159e-09	-7.633956002928101e-11	-2.55678528942498e-06	-8.324522376678509e-07	-6.647893229090617e-08
662731222.0	-8.313309555883201	0.0035093455330559103	-0.20091535361050414	6928121.115314443	3.31810347899054e-05	1.588249595937478	1.6520197582316656	6.283185307179586	4.655251665992273	0.02612402234756872	-1.7514980110633382	-0.024116905552616405	0.9997091451350069	2.151654449832876e-10	-0.017447306947773984	-0.0004208976890801808	0.9998476955643822	0.9995568849979656	0.02411323243717331	0.017452383063482055	-1.2590502926658155e-09	-1.3223960791854715e-09	-6.339977832625847e-11	0.999999999949731	-7.191640434838463e-07	1.0001040067307751e-05	7.194722991210595e-07	0.9999999995247314	-3.0822388548335336e-05	-1.0001017896200993e-05	3.082239574225721e-05	0.9999999994749798	-0.08385190797061659	-3.3015586717443985e-05	1.5949372347164696	-0.08387653265336063	-0.0004246013735544297	9.38264340439839e-10	6.7776454393231e-10	-3.282723112412288e-08	-1.607371738000421e-09	-1.6882434102465197e-09	-8.079789302241774e-11	-2.8163115767000966e-06	-9.181303970374131e-07	-7.605339624761133e-08
662731224.0	-8.312844793421041	0.0038268626406067294	-0.21916537445656736	6928118.570906933	3.620178421792255e-05	1.5882495954527966	1.6575059006460593	6.283185307179586	4.651955170163614	0.028313335384256177	-1.7516820856653577	-0.026308863488531127	0.9996538619451945	2.273228180817641e-10	-0.017446341639137313	-0.00045915257802675303	0.9998476955728411	0.999501610236498	0.026304856528182353	0.017452382578874586	-1.2623186089638875e-09	-1.3291462028314305e-09	-6.689207988861208e-11	0.9999999999285286	-8.812311846863985e-07	1.1923350331395076e-05	8.816689511685282e-07	0.999999999325612	-3.671510114523884e-05	-1.1923317968862033e-05	3.671511165506254e-05	0.9999999992549176	-0.08384900302894145	-3.6014306147258604e-05	1.5971308486831584	-0.08387751592276232	-0.00046325113369672787	1.0262726493851641e-09	6.793568781490251e-10	-3.293098336476758e-08	-1.6124600104729288e-09	-1.6978256229677338e-09	-8.527692874306869e-11	-3.0765152313460083e-06	-1.0042474674000488e-06	-8.616904062124329e-08
662731226.0	-8.31233973511992	0.004144360481384595	-0.23741429987013157	6928115.843326457	3.922348424861685e-05	1.588249595241649	1.6629908593965557	6.283185307179586	4.648659857928678	0.030502648309311597	-1.751866165006748	-0.028500694227009	0.9995937727039813	2.3305354528336024e-10	-0.017445292727019723	-0.0004974052463197414	0.999847695576526	0.9994415301508374	0.02849635344114046	0.01745238236775924	-1.2655598335182123e-09	-1.3358823438387418e-09	-7.039846268172252e-11	0.999999999901177	-1.0640539060267895e-06	1.4018334723461812e-05	1.0646585004024296e-06	0.9999999990693825	-4.312889316608885e-05	-1.401828881894887e-05	4.312890808656595e-05	0.9999999989716924	-0.08384586477619733	-3.9012388755197953e-05	1.599324290256192	-0.0838786193993335	-0.0005019185802269503	1.1147204680603023e-09	6.809237473046591e-10	-3.303420754196191e-08	-1.617521333497514e-09	-1.707402943695178e-09	-8.977649440467454e-11	-3.33739066593197e-06	-1.0908025467460123e-06	-9.682806294307517e-08
662731228.0	-8.31179438373421	0.0044618374914104884	-0.2556620394606153	6928112.932635805	4.2246188811400734e-05	1.5882495953040394	1.6684745767755098	6.283185307179586	4.645365786995013	0.03269196111940276	-1.7520502494628825	-0.03069238718685461	0.9995288777062783	2.3115878078720832e-10	-0.01744416021660485	-0.0005356555098936015	0.9998476955754372	0.9993766450358491	0.03068771259645329	0.017452382430139975	-1.2687739267678278e-09	-1.3426043116732981e-09	-7.391878506375275e-11	0.9999999998665642	-1.268717793635763e-06	1.628686876155259e-05	1.2695331959670915e-06	0.9999999987459369	-5.006510244034575e-05	-1.6286805222641524e-05	5.006512311038583e-05	0.9999999986141117	-0.08384249325919951	-4.2009791381974814e-05	1.6015175586616996	-0.0838798444288264	-0.0005406059109313257	1.203604862427042e-09	6.824648959423366e-10	-3.313690040274259e-08	-1.6225555413801378e-09	-1.7169750706892236e-09	-9.429641620487733e-11	-3.598932284648453e-06	-1.1777947206164976e-06	-1.0803263874094788e-07
662731230.0	-8.311208742231132	0.004779292106867515	-0.2739085028456541	6928109.838901328	4.526995170910396e-05	1.5882495956399652	1.6739569952428526	6.283185307179586	4.6420730149026	0.03488127381119899	-1.7522343393802269	-0.03288393178758445	0.9994591772704824	2.2043962872245963e-10	-0.017442944113482597	-0.0005739031846952899	0.9998476955695745	0.9993069552098811	0.03287892341523827	0.017452382766014518	-1.2719608511812645e-09	-1.3493119180129935e-09	-7.745290552512746e-11	0.9999999998234773	-1.49631247037977e-06	1.8729826178964898e-05	1.4973899024585956e-06	0.9999999983443129	-5.752505557887314e-05	-1.8729740072496148e-05	5.752508361457126e-05	0.9999999981700308	-0.0838388885282576	-4.5006470888306506e-05	1.6037106531282332	-0.08388119234195414	-0.0005793153305887996	1.2929228795885775e-09	6.83980070095112e-10	-3.323905872470032e-08	-1.6275624700916553e-09	-1.7265417030161001e-09	-9.88365193431604e-11	-3.8611344837303855e-06	-1.2652230622481902e-06	-1.1978492155869434e-07
662731232.0	-8.31058281379063	0.005096722764126432	-0.2921535996516578	6928106.562192961	4.829482661129948e-05	1.5882495962494176	1.679438057369402	6.283185307179586	4.638781599080533	0.03707058638137117	-1.7524184351491123	-0.035075317449480496	0.9993846717384743	1.9969717474875658e-10	-0.01744164442364908	-0.000612148086685189	0.9998476955589382	0.9992324610147616	0.03506997531937824	0.017452383375374303	-1.2751205713109627e-09	-1.3560049768231112e-09	-8.100068270842666e-11	0.9999999997706022	-1.7479315483267844e-06	2.134807890343991e-05	1.749330059074437e-06	0.9999999978526855	-6.551006795716006e-05	-2.1347964350484356e-05	6.551010528696833e-05	0.9999999976263453	-0.08383505063717796	-4.800238415142892e-05	1.6059035728867694	-0.08388266445436075	-0.0006180490508855837	1.382671548075277e-09	6.854690173126347e-10	-3.334067931622569e-08	-1.6325419572811883e-09	-1.7361025405743274e-09	-1.0339662803857736e-10	-4.123991651883265e-06	-1.3530866327199393e-06	-1.320870429782958e-07
662731234.0	-8.309916601805424	0.0054141278997694	-0.31039723951438575	6928103.102584186	5.1320867048036704e-05	1.5882495971323825	1.6849177059134561	6.283185307179586	4.635491596770429	0.0392598988265922	-1.752602537138269	-0.03726653359364398	0.9993053614756171	1.6773251872024282e-10	-0.017440261153506602	-0.0006503900318380393	0.9998476955435283	0.9991531628157974	0.037260857731575114	0.01745238425820454	-1.2782530537195507e-09	-1.362683304295973e-09	-8.456197542070071e-11	0.9999999997065203	-2.0246725812675064e-06	2.414249703667957e-05	2.0264596387964696e-06	0.9999999972583596	-7.402144369937265e-05	-2.414234710130204e-05	7.402149260144469e-05	0.9999999969689829	-0.08383097964326451	-5.099748806400074e-05	1.6080963171707274	-0.0838842620665938	-0.0006568092903304428	1.472847878132139e-09	6.869314866874446e-10	-3.344175901674486e-08	-1.6374938422889467e-09	-1.7456572841206644e-09	-1.0797656554756712e-10	-4.387498170700802e-06	-1.4413844810977554e-06	-1.449411126442482e-07
662731236.0	-8.309210109880954	0.005731505950548943	-0.32863933207951057	6928099.460152055	5.434812640319797e-05	1.5882495982888383	1.6903958837872153	6.283185307179586	4.632203065060008	0.041449211143537834	-1.752786645694836	-0.039457569642048905	0.9992212468707533	1.2334680628643408e-10	-0.017438794309863576	-0.0006886288361438647	0.9998476955233453	0.9990690610017714	0.03945156007540349	0.017452385414484146	-1.2813582669661643e-09	-1.3693467188536275e-09	-8.813664264878155e-11	0.999999999629708	-2.3276370172969146e-06	2.711394883418739e-05	2.3298891076113785e-06	0.9999999965477645	-8.306047566322182e-05	-2.7113755405945827e-05	8.306053880495923e-05	0.9999999961828956	-0.08382667560732183	-5.3991739541134e-05	1.6102888852159905	-0.08388598646407788	-0.0006955982741681377	1.5634488620075273e-09	6.883672288807908e-10	-3.354229469693965e-08	-1.6424179661582685e-09	-1.7552056352953218e-09	-1.1257615418182985e-10	-4.651648415083011e-06	-1.5301156445810942e-06	-1.5834921829049943e-07
662731238.0	-8.308463341835324	0.006048855353441868	-0.34687978700317995	6928095.634977178	5.7376657908095374e-05	1.5882495997187576	1.6958725340517176	6.283185307179586	4.628916060888157	0.04363852332888363	-1.7529707612171372	-0.04164841501759579	0.999132328336203	6.534126141488592e-11	-0.0174372438999345	-0.0007268643156089011	0.9998476954983898	0.9989801559849407	0.0416420717753643	0.017452386844185767	-1.2844361816606332e-09	-1.3759950412230389e-09	-9.172454357925102e-11	0.999999999538534	-2.6579301514613985e-06	3.0263300685433388e-05	2.66073338377321e-06	0.9999999957064458	-9.262844542564272e-05	-3.0263054355558284e-05	9.262852590547228e-05	0.9999999952520519	-0.08382213859365564	-5.698509551487659e-05	1.6124812762609102	-0.08388783891708554	-0.0007344182342945097	1.6544714742430293e-09	6.897759961479946e-10	-3.3642283258953733e-08	-1.6473141716469312e-09	-1.764747296646491e-09	-1.1719521532625498e-10	-4.916436753653126e-06	-1.619279148649883e-06	-1.7231342576988635e-07
662731240.0	-8.30767630169924	0.006366174545654615	-0.3651185139525882	6928091.627143729	6.0406514635181235e-05	1.588249601422107	1.7013475999638443	0.0	4.625630640997924	0.04582783537930979	-1.7531548840528344	-0.04383905914416522	0.9990386063077615	-7.48278129855932e-12	-0.0174356099313399	-0.000765096286256525	0.9998476954686624	0.9988864482010338	0.04383238225693845	0.017452388547275762	-1.2874867703542458e-09	-1.3826280943366587e-09	-9.532553760721929e-11	0.9999999994312583	-3.016661078477038e-06	3.3591417094345774e-05	3.0201117971128278e-06	0.9999999947190599	-0.00010272662326928895	-3.359110702554537e-05	0.00010272672466069909	0.9999999941594288	-0.08381736867007586	-5.997751294028695e-05	1.6146734895463304	-0.08388982068071525	-0.000773271409171905	1.7459126719645715e-09	6.911575423635126e-10	-3.3741721636591885e-08	-1.6521823032381107e-09	-1.7742819716545646e-09	-1.2183356945691732e-10	-5.181857549167425e-06	-1.7088740072102881e-06	-1.868357790857295e-07
662731242.0	-8.306848993715997	0.006683461964613049	-0.3833554226065361	6928087.43673943	6.343774949153308e-05	1.5882496033988465	1.7068210249475988	0.0	4.622346861965239	0.04801714729149631	-1.7533390145789725	-0.046029491446671573	0.9989400812446965	-9.632384460281672e-11	-0.01743389241210629	-0.0008033245641281805	0.9998476954341634	0.9987879381092485	0.046022480946640416	0.017452390523714195	-1.2905100076004907e-09	-1.3892457034142939e-09	-9.893948435643246e-11	0.9999999993060293	-3.4049426455234403e-06	3.709916066012494e-05	3.409148048398017e-06	0.9999999935693671	-0.00011335626816982222	-3.7098774449962225e-05	0.00011335639456768746	0.9999999928870044	-0.08381236590789898	-6.296894879015561e-05	1.6168655243155936	-0.08389193299486514	-0.000812160043741443	1.837769395174102e-09	6.925116230454472e-10	-3.3840606795500963e-08	-1.6570222071503966e-09	-1.7838093647554366e-09	-1.2649103615909108e-10	-5.447905158925874e-06	-1.798899222741865e-06	-2.0191830042596675e-07
662731244.0	-8.305981422341455	0.00700071604798821	-0.4015904226560019	6928083.063855554	6.647041521256015e-05	1.58824960564893	1.7122927526122318	0.0	4.619064780180787	0.05020645906212584	-1.753523153165618	-0.04821970135111652	0.9988367536297456	-2.02380275146517e-10	-0.0174320913506661	-0.0008415489652843073	0.9998476953948943	0.9986846261922485	0.04821235727207182	0.017452392773454846	-1.2935058699066459e-09	-1.3958476959281604e-09	-1.0256624369173704e-10	0.9999999991608832	-3.823891405118538e-06	4.0787392058382e-05	3.828970168748953e-06	0.9999999922402252	-0.0001245186277839997	-4.078691559617047e-05	0.00012451878385322148	0.9999999914157499	-0.08380713038194934	-6.595936006203586e-05	1.6190573798145589	-0.08389417708421068	-0.0008510863893396558	1.930038567041865e-09	6.938379953796367e-10	-3.3938935733338666e-08	-1.6618337313471814e-09	-1.7933291813631795e-09	-1.311674341452915e-10	-5.714573935175318e-06	-1.8893537864432934e-06	-2.1756299019935e-07
662731246.0	-8.305073592243911	0.0073179352337134265	-0.41982342380469995	6928078.508586932	6.950456435585444e-05	1.5882496081723045	1.717762726775693	0.0	4.615784451826564	0.0523957706878837	-1.7537073001831491	-0.05040967828464273	0.9987286239691134	-3.2685021258469397e-10	-0.017430206755857634	-0.0008797693058052681	0.9998476953508552	0.9985765129561615	0.05040200066197515	0.017452395296445183	-1.2964743357253674e-09	-1.4024339016104819e-09	-1.062056757340962e-10	0.9999999989937413	-4.2746275680794065e-06	4.465697002260241e-05	4.280710479113415e-06	0.999999990713583	-0.00013621493843855485	-4.465638733976814e-05	0.00013621512946504694	0.9999999897256228	-0.08380166217056245	-6.894870377451914e-05	1.6212490552916123	-0.08389655415818228	-0.0008900527036094815	2.022717094199357e-09	6.951364182434042e-10	-3.4036705479934444e-08	-1.6666167255456346e-09	-1.802841127892337e-09	-1.358625812733506e-10	-5.981858225517125e-06	-1.9802366783807087e-06	-2.3377182707434418e-07
662731248.0	-8.30412550830416	0.00763511795995433	-0.43805433576965175	6928073.771031938	7.254024929452912e-05	1.5882496109689117	1.723230891431275	0.0	4.612505932909223	0.05458508216545632	-1.7538914560022645	-0.05259941167558739	0.9986156927924688	-4.709315554242078e-10	-0.01742823863692499	-0.0009179854017922749	0.9998476953020478	0.9984635989305752	0.05259140054628718	0.01745239809262637	-1.2994153854404785e-09	-1.409004152454701e-09	-1.0985764087503017e-10	0.9999999988024082	-4.758274956573528e-06	4.870875132593153e-05	4.765505549805528e-06	0.9999999889704744	-0.00014844642511985826	-4.870804443979007e-05	0.0001484466570639048	0.9999999877955581	-0.08379596135558706	-7.193693697056111e-05	1.6234405499976856	-0.08389906541094423	-0.0009290612504144111	2.115801867032061e-09	6.964066522287083e-10	-3.413391309742952e-08	-1.6713710412246236e-09	-1.812344911779132e-09	-1.405762945644684e-10	-6.249752373304032e-06	-2.071546867633459e-06	-2.505467680198424e-07
662731250.0	-8.303137175615356	0.007952262665157039	-0.4562830682817449	6928068.851292491	7.557752221138653e-05	1.5882496140386861	1.7286971907895665	0.0	4.609229279218128	0.056774393491533015	-1.7540756209940056	-0.05478889095353583	0.9984979606529408	-6.358219288537388e-10	-0.01742618700351803	-0.0009561970693683165	0.9998476952484728	0.9983458846685351	0.05478054635619266	0.017452401161933244	-1.3023290013511645e-09	-1.415558282714761e-09	-1.1352199979074077e-10	0.9999999985845702	-5.275960957266024e-06	5.2943590763285877e-05	5.28449616011286e-06	0.9999999869910114	-0.00016121430146436358	-5.2942739514183027e-05	0.00016121458101637815	0.9999999856034625	-0.08379002802238877	-7.492401671626648e-05	1.625631863186258	-0.0839017120213757	-0.000968114299755659	2.2092897599726365e-09	6.976484596650087e-10	-3.423055568041217e-08	-1.67609653163236e-09	-1.8218402415024138e-09	-1.453083902212895e-10	-6.518250718038002e-06	-2.163283312441266e-06	-2.678897483483233e-07
662731252.0	-8.302108599482947	0.008269367788070383	-0.4745095310862985	6928063.749474062	7.861643509240057e-05	1.5882496173815563	1.73416156926114	0.0	4.605954546342663	0.058963704662803984	-1.7542597955297679	-0.05697810554937512	0.9983754281271171	-8.227186527151945e-10	-0.01742405186569228	-0.000994404124679085	0.9998476951901317	0.9982233707465409	0.056969427524177864	0.01745240450429432	-1.3052151676565427e-09	-1.4220961289045968e-09	-1.1719861345607072e-10	0.9999999983377934	-5.8288164745667415e-06	5.736234113378474e-05	5.83882725797513e-06	0.9999999847543789	-0.0001745197697498191	-5.7361323015551164e-05	0.00017452010438853216	0.9999999831262057	-0.08378386225985068	-7.790990010373736e-05	1.6278229941133828	-0.08390449515304862	-0.0010072141276826411	2.3031776317937824e-09	6.988616046416248e-10	-3.432663035603718e-08	-1.6807930517932456e-09	-1.831326826603776e-09	-1.5005868364595394e-10	-6.787347595765447e-06	-2.2554449603515526e-06	-2.8580268176124515e-07
662731254.0	-8.301039785424761	0.008586431767687266	-0.4927336339436318	6928058.465685647	8.165703972088313e-05	1.5882496209974444	1.7396239714918804	0.0	4.602681789636907	0.06115301567596276	-1.754443979981311	-0.0591670448953476	0.9982480958150394	-1.0328187079151523e-09	-0.017421833233908907	-0.0010326063838939036	0.9998476951270258	0.9980960577645429	0.059158033484084147	0.017452408119631807	-1.3080738704406653e-09	-1.4286175297978831e-09	-1.2088734315830984e-10	0.9999999980595213	-6.417975883982377e-06	6.196585322350473e-05	6.429647919739084e-06	0.9999999822388275	-0.00018836402088724669	-6.196464320717505e-05	0.0001883644189403496	0.9999999803396141	-0.08377746416037891	-8.089454424902167e-05	1.6300139420376865	-0.08390741595421317	-0.0010463630162047945	2.397462325900664e-09	7.000458530296284e-10	-3.4422134284131404e-08	-1.6854604585140038e-09	-1.8408043777069254e-09	-1.5482698945811704e-10	-7.057037339462477e-06	-2.348030748364406e-06	-3.0428746039613796e-07
662731256.0	-8.29993073917075	0.008903453043333951	-0.5109552866296196	6928053.0000397945	8.469938767084639e-05	1.5882496248862665	1.7450843423223532	0.0	4.599411064260263	0.06334232652770422	-1.754628174728056	-0.06135569842510443	0.9981159643402001	-1.2673187031194508e-09	-0.01741953111903461	-0.001070803663206651	0.9998476950591565	0.9979639463459392	0.06134635367116148	0.01745241200786156	-1.3109050976626974e-09	-1.4351223264332567e-09	-1.2458805051131022e-10	0.9999999977470736	-7.044576985578133e-06	6.675497578855578e-05	7.058111309993353e-06	0.9999999794216681	-0.00020274823441368008	-6.675354613930372e-05	0.00020274870512095283	0.999999977218463	-0.08377083381990347	-8.387790629543935e-05	1.6322047062203877	-0.08391047555777838	-0.0010855632532108775	2.492140670622691e-09	7.012009725032597e-10	-3.451706465728548e-08	-1.6900986103891012e-09	-1.850272606536283e-09	-1.596131215129296e-10	-7.327314279429592e-06	-2.44103960308181e-06	-3.233459548766562e-07
662731258.0	-8.298781466663073	0.009220430054628963	-0.5291743989362623	6928047.352652572	8.774353030145047e-05	1.588249629047932	1.75054262684383	0.0	4.596142425121433	0.06553163721472544	-1.7548123801207172	-0.0635440555737592	0.9979790343495394	-1.5274148434322824e-09	-0.017417145532341582	-0.0011089957788366896	0.9998476949865254	0.9978270371375714	0.063534377522122	0.01745241616889311	-1.313708839107072e-09	-1.4416103620755117e-09	-1.2830059746560339e-10	0.9999999973976434	-7.709760957553485e-06	7.173055553847853e-05	7.725374641487297e-06	0.9999999762792656	-0.000217673578485657	-7.172887562572018e-05	0.00021767413206460752	0.99999997373647	-0.08376397133788291	-8.685994341487738e-05	1.6343952859253088	-0.08391367508129692	-0.0011248171323771546	2.587209479505317e-09	7.023267325611196e-10	-3.461141870094363e-08	-1.6947073678060336e-09	-1.8597312259354709e-09	-1.6441689291902007e-10	-7.598172743670841e-06	-2.534470440852585e-06	-3.42980014363906e-07
662731260.0	-8.297591974056006	0.009537361241498867	-0.5473908806722443	6928041.523643591	9.078951875051328e-05	1.5882496334823437	1.7559987703671045	0.0	4.592875926909602	0.06772094773372572	-1.7549965965686252	-0.06573210577794136	0.9978373065134405	-1.8143028958138924e-09	-0.01741467648550742	-0.0011471825470297896	0.9998476949091342	0.9976853308097212	0.06572209447519356	0.017452420602629637	-1.3164850864492423e-09	-1.4480814823031996e-09	-1.320248463293481e-10	0.9999999970082963	-8.414672309936448e-06	7.689343711996183e-05	8.432599135137564e-06	0.9999999727870333	-0.00023314120987345729	-7.689147322058028e-05	0.00023314185758749925	0.9999999698662874	-0.08375687681730631	-8.98406128046625e-05	1.6365856804188859	-0.08391701562694967	-0.0011641269530810394	2.682665551599828e-09	7.034229045465883e-10	-3.470519367346511e-08	-1.6992865929492045e-09	-1.8691799498842463e-09	-1.6923811605635292e-10	-7.86960705827545e-06	-2.628322167919178e-06	-3.631914666102045e-07
662731262.0	-8.296362267715844	0.009854245044217367	-0.5656046416635017	6928035.513135987	9.383740392875205e-05	1.5882496381893991	1.7614527184444635	0.0	4.589611624072469	0.06991025808140683	-1.7551808244015046	-0.06791983847584981	0.9976907815257263	-2.129178156482736e-09	-0.017412123990615043	-0.0011853637840590558	0.9998476948269845	0.9975388280561062	0.0679094939701731	0.01745242530896798	-1.31923383310918e-09	-1.4545355348632893e-09	-1.3576065976859457e-10	0.9999999965759672	-9.160458838400748e-06	8.224446310087978e-05	9.180949980126192e-06	0.9999999689194268	-0.0002491522739560803	-8.224217819552466e-05	0.00024915302818527665	0.9999999655794958	-0.0837495503646975	-9.281987169112681e-05	1.6387758889701747	-0.08392049828153182	-0.0012034950203189583	2.778505671752866e-09	7.044892616680403e-10	-3.4798386866185106e-08	-1.703836149803731e-09	-1.878618493515353e-09	-1.740766025940752e-10	-8.141611547795747e-06	-2.722593680564187e-06	-3.839821180148422e-07
662731264.0	-8.29509235422084	0.010171079903377962	-0.5838155917537752	6928029.321256417	9.688723651366768e-05	1.588249643168988	1.7669044168734496	0.0	4.586349570812482	0.07209956825447161	-1.7553650640222782	-0.07010724310730646	0.9975394601036558	-2.4732354184589364e-09	-0.017409488060152647	-0.0012235393062258533	0.9998476947400787	0.9973875295938768	0.0700965654484804	0.017452430287798637	-1.3219550743782225e-09	-1.4609723698256671e-09	-1.3950790083406283e-10	0.999999996097459	-9.948271578210023e-06	8.778447395464654e-05	9.971596294093734e-06	0.9999999646499377	-0.00026570790471695327	-8.77818275170633e-05	0.00026570877903135247	0.999999960846597	-0.08374199209011793	-9.579767733161985e-05	1.640965910850872	-0.08392412411643935	-0.0012429236446132124	2.874726610894604e-09	7.055255790185793e-10	-3.4890995603461635e-08	-1.708355904158541e-09	-1.8880465731305884e-09	-1.7893216350828567e-10	-8.414180535620917e-06	-2.8172838652564353e-06	-4.053537536817806e-07
662731266.0	-8.293782240361196	0.010487864259924404	-0.6020236408051833	6928022.948135069	9.993906694363212e-05	1.5882496484209951	1.7723538116954043	0.0	4.583089821088299	0.07428887824962604	-1.7555493158052204	-0.07229430911380956	0.9973833429879191	-2.8476689379729838e-09	-0.0174067687070136	-0.001261708929860731	0.9998476946484184	0.9972314361636107	0.07228329835321134	0.017452435539005728	-1.3246488073065672e-09	-1.4673918394745279e-09	-1.4326643296416893e-10	0.9999999955694409	-1.0779264758293857e-05	9.351430804489086e-05	1.0805711083431689e-05	0.9999999599510887	-0.00028280922474037065	-9.351125582423507e-05	0.00028281023397596256	0.9999999556370073	-0.08373420210717093	-9.87739870123376e-05	1.6431557453353174	-0.08392789418765705	-0.001282415141929018	2.9713251263250404e-09	7.065316335952166e-10	-3.4983017242704855e-08	-1.7128457236085666e-09	-1.8974639062158555e-09	-1.8380460909969278e-10	-8.687308344347935e-06	-2.912391598797055e-06	-4.2730813747934357e-07
662731268.0	-8.292431933138934	0.010804596555153336	-0.6202286986987783	6928016.393905634	0.00010299294541220542	1.588249653945298	1.7778008492227448	0.0	4.579832428587504	0.07647818806357831	-1.7557335801032476	-0.07448102593858738	0.9972224309426335	-3.253672400306804e-09	-0.017403965944496367	-0.00129987247132435	0.9998476945520058	0.9970705485293095	0.07446968212919154	0.017452441062467038	-1.3273150306930377e-09	-1.473793798311613e-09	-1.4703611999764354e-10	0.9999999949884453	-1.1654595755459175e-05	9.943480161044616e-05	1.168447120367709e-05	0.9999999547944274	-0.0003004573452086489	-9.943129540653885e-05	0.00030045850554596656	0.9999999499190507	-0.08372618053300514	-0.00010174875804985667	1.6453453917005032	-0.08393180953574778	-0.0013219718335868995	3.068297961999491e-09	7.075072043178062e-10	-3.507444917440393e-08	-1.7173054775567935e-09	-1.906870211456026e-09	-1.8869374901123315e-10	-8.960989296146365e-06	-3.0079157484644036e-06	-4.4984701210161535e-07
662731270.0	-8.291041439767838	0.011121275230725643	-0.638430675335102	6928009.658705337	0.00010604892186183378	1.5882496597417677	1.783245476009652	0.0	4.576577446755927	0.07866749769303749	-1.7559178573206933	-0.0766673830266515	0.9970567247553395	-3.6924388884698804e-09	-0.017401079786304424	-0.0013380297470084043	0.9998476944508432	0.9969048674783946	0.07665570622302964	0.01745244685805398	-1.3299537451359481e-09	-1.4801781031273424e-09	-1.5081682619295432e-10	0.9999999943508671	-1.2575425048741129e-05	0.00010554678875065565	1.2609057320012886e-05	0.9999999491505207	-0.00031865336589999147	-0.00010554277618213698	0.0003186546949453855	0.9999999436599523	-0.08371792748831755	-0.0001047219477943413	1.6475348492260942	-0.08393587118584152	-0.0013615960461754596	3.1656418488115346e-09	7.084520720473466e-10	-3.51652888221327e-08	-1.7217350372152317e-09	-1.9162652087485886e-09	-1.9359939224554073e-10	-9.235217713124584e-06	-3.1038551721604434e-06	-4.729720991321186e-07
662731272.0	-8.289610767673409	0.01143789872867421	-0.65662948063476	6928002.742674907	0.00010910704597835496	1.5882496658102696	1.788687638879433	0.0	4.573324928770278	0.08085680713471688	-1.756102147811458	-0.0788533698248504	0.9968862252369954	-4.165160848613866e-09	-0.017398110246546188	-0.0013761805733365474	0.9998476943449331	0.9967343938217014	0.07884136008317093	0.0174524529256316	-1.3325649529202992e-09	-1.4865446128901939e-09	-1.5460841622967366e-10	0.9999999936529602	-1.3542916173898369e-05	0.00011185110141099508	1.3580653867878394e-05	0.9999999429889495	-0.0003373983751870665	-0.00011184652567633392	0.00033739989205667863	0.9999999368258318	-0.08370944309735939	-0.00010769351362546074	1.6497241171944217	-0.08394008014762631	-0.0014012901114641607	3.2633535048744126e-09	7.093660196039393e-10	-3.5255533642548224e-08	-1.7261342756055132e-09	-1.925648619216823e-09	-1.9852134718233386e-10	-9.50998791768736e-06	-3.200208718555047e-06	-4.966850991089215e-07
662731274.0	-8.288139924492759	0.011754465491418587	-0.6748250245389679	6927995.6459585745	0.00011216736718538663	1.5882496721506623	1.7941272849388552	0.0	4.570074927523813	0.08304611638533	-1.7562864519590609	-0.08103897578192285	0.9967109332219733	-4.673030055446612e-09	-0.017395057339734902	-0.001414324766765318	0.9998476942342777	0.9965591283934759	0.08102663315995064	0.01745245926505858	-1.3351486580749883e-09	-1.4928931888245043e-09	-1.5841075522823992e-10	0.999999992890837	-1.455823567805503e-05	0.00011834856936900522	1.4600449013691606e-05	0.9999999362783027	-0.0003566934500362708	-0.00011834336900032307	0.0003566951754427318	0.9999999293816969	-0.08370072748793768	-0.00011066341295703075	1.6519131948905064	-0.08394443741533937	-0.0014410563663162796	3.361429635800637e-09	7.102488317843717e-10	-3.534518112538064e-08	-1.7305030675590256e-09	-1.9350201652224326e-09	-2.0345942159570155e-10	-9.785294232892715e-06	-3.296975227230993e-06	-5.209876915917992e-07
662731276.0	-8.286628918074564	0.012070973961767217	-0.6930172170101229	6927988.368704087	0.00011522993463814967	1.5882496787627978	1.7995643615560353	0.0	4.566827495648445	0.08523542544159435	-1.7564707701402729	-0.08322419034855126	0.9965308495680544	-5.217237581331892e-09	-0.01739192108078857	-0.001452462143785061	0.9998476941188795	0.9963790720513692	0.08321151490564747	0.01745246587618722	-1.3377048663212919e-09	-1.4992236943673406e-09	-1.622237087575494e-10	0.9999999920604645	-1.56225530744951e-05	0.0001250400202205404	1.566963461568847e-05	0.9999999289861725	-0.00037653965600769555	-0.00012503412883020935	0.00037654161234957484	0.9999999212914373	-0.0836917807914212	-0.00011363160323818905	1.6541020816020597	-0.08394894396776088	-0.001480897152602168	3.459866934979021e-09	7.11100295379195e-10	-3.5434228793408064e-08	-1.7348412897162778e-09	-1.944379570377264e-09	-2.0841342267124784e-10	-1.0061130982805418e-05	-3.394153528828707e-06	-5.458815352311925e-07
662731278.0	-8.285077756478927	0.01238742258293074	-0.7112059680323523	6927980.911062689	0.00011829479721819931	1.5882496856465225	1.8049988163864539	0.0	4.56358268548873	0.08742473430022768	-1.7566551027251343	-0.08540900297741524	0.9963459751564232	-5.798973761560423e-09	-0.01738870148502986	-0.0014905925209208516	0.9998476939987415	0.9961942256764332	0.0853959947745369	0.017452472758863462	-1.3402335850542084e-09	-1.505535995161537e-09	-1.6604714284586544e-10	0.9999999911576641	-1.6737040797611856e-05	0.00013192627936632736	1.67894061848813e-05	0.9999999210791481	-0.0003969380472557717	-0.00013191962538630197	0.0003969402587098029	0.999999912517818	-0.08368260314274444	-0.00011659804195158363	1.6562907766194963	-0.08395360076820602	-0.001520814817112111	3.5586620838491265e-09	7.119201991893241e-10	-3.552267420241802e-08	-1.7391488205255846e-09	-1.9537265595541906e-09	-2.1338315702308963e-10	-1.0337492492843634e-05	-3.4917424451895076e-06	-5.713682678386279e-07
