662731200.0	-8.315761842958494	1.5833187325140706e-05	-0.00011868398368578604	6928137.0	0.0	1.5882496193148399	0.0	0.0	0.0	0.0020415725312457056	-1.749473398103404	0.0	1.0	-0.0	-0.017452406437283477	0.0	0.9998476951563913	0.9998476951563913	0.0	0.017452406437283477	-1.2213241697000242e-09	-1.2472785862521679e-09	-2.5954416552143816e-11	1.0	0.0	0.0	0.0	1.0	0.0	0.0	0.0	1.0	-0.08386845390363178	-1.1950234900710162e-16	1.5707963267948966	-0.08387325052086048	7.659709467837732e-17	0.0	6.586426422620576e-10	-3.165206438124134e-08	-1.5496710869489637e-09	-1.5826032190620665e-09	-3.293213211310288e-11	0.0	0.0	0.0
662731328.0	-8.233276409739414	0.020274643458067856	-1.1645435222536318	6927736.407278731	0.00019579289955648323	1.5882499454230758	1.939757799792996	3.6500241499888574e-08	4.483564796250006	0.14215738222792917	-1.7612692176868454	-0.13986788413731854	0.990170174761363	-3.6001517057917163e-08	-0.017281180220168897	-0.002441041124410336	0.9998476894649638	0.9900193613243873	0.13984658140719994	0.0174527324958507	-1.394573631050727e-09	-1.6570812624479091e-09	-2.646584452861454e-10	0.9999999295503486	-6.440738194544803e-05	0.00036979857637834583	6.481017183034173e-05	0.9999994046062788	-0.0010893056180356021	-0.00036972819687959926	0.0010893295080036788	0.9999993383309228	-0.08337856867836407	-0.00019006483086938568	1.7109437953927014	-0.08412144908454831	-0.002550691367539612	6.1349331208192304e-09	7.21584059670394e-10	-3.7531657084716696e-08	-1.836546488556717e-09	-2.1825918167133805e-09	-3.42164837414218e-10	-1.7400467654872434e-05	-6.061236672034905e-06	-1.405643668133337e-06
662731456.0	-7.987767848684205	0.04012413387415954	-2.3053758034301812	6926622.745804973	0.0004051607497797505	1.588251349521189	2.27269787225529	3.48508821830945e-07	4.290761756294286	0.2822720434483963	-1.7731666011137706	-0.2769745638144727	0.9608772507452038	-3.4866218014758153e-07	-0.01677137913487661	-0.004834016840112085	0.9998476649585695	0.9607308737839629	0.27693237673036447	0.017454136380087568	-1.4597728359627492e-09	-1.9836819087583717e-09	-5.337012407976346e-10	0.9999985815464093	-0.0004653315986579676	0.001618756211619418	0.0004726455132480296	0.9999896694943298	-0.004520786528895559	-0.001616635824226513	0.004521545214230138	0.9999884709922847	-0.08196751040701482	-0.000368559216041787	1.8502384071313964	-0.08504415507843101	-0.005675758496546568	1.3359556566091079e-08	6.390363985178145e-10	-4.076977865202893e-08	-1.9895086175339427e-09	-2.7060989200593913e-09	-6.943439370664643e-10	-3.6364490802045415e-05	-1.3660748919754603e-05	-5.35979684747153e-06
662731584.0	-7.584515298655924	0.05916772982724531	-3.3996721054566894	6924886.102084899	0.0006343663767318444	1.588253695850023	2.5824727001645917	1.218984206689526e-06	4.121123897466006	0.42238471833218294	-1.7852829384874984	-0.4086168690210377	0.9127060065267231	-1.2188171243433062e-06	-0.01593313424836527	-0.007131900910375384	0.9998476240019917	0.9125669233456073	0.40855462503739454	0.017456482351445507	-1.4329660287066931e-09	-2.216902105991293e-09	-8.075260510539132e-10	0.999991119377206	-0.0015318949874765172	0.003926125885654389	0.0015726742189886569	0.9999446331377049	-0.010404679471360402	-0.0039099696320546475	0.010410761588287597	0.9999381621783561	-0.079730299785045	-0.0005252826005528122	1.9885365466338305	-0.0866657272769911	-0.010016488608250433	2.0727534705000093e-08	3.916210793991402e-10	-4.113477141874934e-08	-1.9995283936561413e-09	-3.0998967500779897e-09	-1.037061289344809e-09	-5.556102037266309e-05	-2.242440584595473e-05	-1.202861798125116e-05
662731712.0	-7.032086470592341	0.07702892559337633	-4.425651404299999	6922664.6423589485	0.0008811564126796661	1.5882567565985217	2.8674216359410267	2.865830742903823e-06	3.9763123608309567	0.562494514381843	-1.7977763889740939	-0.532204264032788	0.8466159822121881	-2.865377568962028e-06	-0.014783052569449307	-0.009289617533005137	0.9998475705640432	0.8464869063972859	0.532123182796035	0.017459542633477817	-1.3312737861614723e-09	-2.356416205918888e-09	-1.0677831025067793e-09	0.9999659400503306	-0.0035905402835876787	0.007431470899528688	0.003728917053454401	0.9998183534709453	-0.018691047061533263	-0.007363010041217149	0.018718121783980583	0.999797688535042	-0.07684175639641826	-0.0006516294202778678	2.125736512428813	-0.0887916001456048	-0.016177832874372924	2.73518236355716e-08	1.7434300763743033e-12	-3.880874737461789e-08	-1.8799189367261214e-09	-3.334976077549573e-09	-1.3250885169701535e-09	-7.389311929031673e-05	-3.196328705778642e-05	-2.1365556564096327e-05
662731840.0	-6.342046905136522	0.09335933085961498	-5.3631796560939655	6920133.1535961665	0.0011355785902962788	1.588260238473449	3.12980322025809	5.419251385687076e-06	3.8540694938055253	0.7026002174014225	-1.810887253065226	-0.6453109738792717	0.7639199872772191	-5.418435963346068e-06	-0.013343849098145118	-0.01126494238982975	0.9998475097554624	0.7638034358931831	0.645212642553854	0.017463023977559073	-1.1665345607888637e-09	-2.3978826988323027e-09	-1.2959829618992173e-09	0.9999010292209046	-0.006940396088974405	0.012237755721688793	0.00729525279322575	0.9995471212715005	-0.029194719463272234	-0.012029590585656268	0.02928110756075295	0.99949882725812	-0.07359221815411456	-0.000741160489519615	2.261770162225571	-0.09105436168768813	-0.02466574157427781	3.2727655890183975e-08	-4.771807456942887e-10	-3.448876436179186e-08	-1.6693346723645806e-09	-3.4257187306959955e-09	-1.5366953465854783e-09	-9.045423558909222e-05	-4.188081202603514e-05	-3.314633835522036e-05
662731968.0	-5.528598788989493	0.1078452547557824	-6.194166236733094	6917489.055934373	0.001382354472908359	1.5882638192882035	3.3733927652216824	8.90693149832024e-06	3.750621320237989	0.8426995969893673	-1.825023548337541	-0.7457236487536133	0.666255386177319	-8.905566102599343e-06	-0.011643859236287872	-0.013019327374587246	0.9998474471922199	0.6661536311029785	0.745609990212326	0.01746660424616232	-9.49992881896224e-10	-2.3342719645211915e-09	-1.470507036829861e-09	0.999760511751002	-0.011830753553617516	0.018410660328414	0.012588710529261561	0.9990544818393153	-0.04161329936435678	-0.017900936025390675	0.04183509994168395	0.9989641539626355	-0.07046868179129459	-0.0007900095490788542	2.3965958561479925	-0.09295764073448953	-0.03584415308072928	3.687781474613636e-08	-9.903046248867031e-10	-2.9066716776573928e-08	-1.4145644526831482e-09	-3.420954015847486e-09	-1.6781482278869837e-09	-0.0001044825498008227	-5.175425213848135e-05	-4.694680099463562e-05
662732096.0	-4.608179983434992	0.12021276481005906	-6.902865372635428	6914937.062481031	0.0016035545963708872	1.588267187493812	3.6020732797361656	1.3256247536225607e-05	3.662086622679214	0.9827876206787397	-1.8409661482921638	-0.8314836300826437	0.5555492531980534	-1.325422362302431e-05	-0.009716448853255233	-0.014518633436571313	0.9998473883072438	0.5554642774528992	0.8313568647423437	0.017469971937842593	-6.991715145306283e-10	-2.1674106678661048e-09	-1.57195442551507e-09	0.9994925989709377	-0.01843720309647436	0.02597333525559958	0.01985788349505863	0.9982586471019689	-0.05554581846767161	-0.02490399697673235	0.056033409927704794	0.9981182534682235	-0.06835606485717546	-0.000797102775603132	2.530192927420258	-0.09391555842110397	-0.049909465272379855	3.9812331938669116e-08	-1.4890468779858358e-09	-2.3010512710632975e-08	-1.1400417256707484e-09	-3.3456852956281036e-09	-1.7559729272563154e-09	-0.00011539931969119352	-6.114451223786699e-05	-6.21302066763272e-05
662732224.0	-3.5990518645963774	0.1302313247657352	-7.476086618441747	6912673.650528761	0.001781053345697656	1.5882700769584954	3.8192823424197035	1.8312072094980346e-05	3.5850300302216103	1.1228512764340437	-1.8604562690929904	-0.9009231990402061	0.43397855833662075	-1.8309270032729166e-05	-0.007599339740558547	-0.01573376118149782	0.9998473377444135	0.43391201811734675	0.9007858012108938	0.017472860961487417	-4.409150435749832e-10	-1.9251265379284344e-09	-1.598218904919774e-09	0.999030169079928	-0.026843024125190424	0.034902339806163085	0.02925448890171037	0.9970810210916199	-0.07052384176994597	-0.03290738742638401	0.07147649568009834	0.996899300038907	-0.06912098690679676	-0.0007641807327580275	2.662553328815332	-0.09329403766124797	-0.06688116673686095	4.102791459065615e-08	-1.9047254022082303e-09	-1.6432324121674402e-08	-8.50355999707255e-10	-3.1754681281379417e-09	-1.7550736162776972e-09	-0.00012292091131817202	-6.966909580444505e-05	-7.793850295001505e-05
662732352.0	-2.5208989434044367	0.1377162384250563	-7.903327213987212	6910872.419860824	0.0018986241805857566	1.588272290793607	4.027921459384452	2.386468766655594e-05	3.5165525765991807	1.2628503545414431	-1.8883817049010856	-0.9526954769220467	0.3039265169130933	-2.3861039278788685e-05	-0.005333867348980938	-0.01664117350987736	0.9998472989428524	0.3038797099369707	0.9525501265871993	0.017475074458587394	-2.0192406723272935e-10	-1.6603025216707433e-09	-1.5738110737507363e-09	0.9982939264568103	-0.03704180164735183	0.04513470206130725	0.040827258458744416	0.9954531991325172	-0.08605848769052356	-0.04174172212771787	0.08775439172802325	0.9952671979756276	-0.07779424716485528	-0.0006956232985948425	2.793664626702727	-0.09046421269131678	-0.08660781820390501	3.9940482667281796e-08	-2.153741008670034e-09	-9.687197043376831e-09	-5.580006692489027e-10	-2.8851512848524057e-09	-1.659194847394262e-09	-0.00012713514759147784	-7.711998211326127e-05	-9.372724437742934e-05
662732480.0	-1.394455204972794	0.1425301962403533	-8.176844870798206	6909671.284548697	0.0019436455869343658	1.588273711157526	4.230467106426074	2.9681646884510787e-05	3.454180533925257	1.4026027384724564	-1.9458418893998828	-0.985797877487041	0.16793613030349944	-2.967711504943686e-05	-0.002964186046873006	-0.017223308204586573	0.9998472739651638	0.16790997094611332	0.9856474084545528	0.01747649460559806	6.391100845250042e-12	-1.4188673966462575e-09	-1.5329281737261706e-09	0.9971959677430869	-0.04896867842604964	0.05658860707010312	0.05454881305074473	0.9933198295195307	-0.10168649506225214	-0.05123113225064703	0.10448820419787425	0.9932057119609311	-0.11563196271586652	-0.0005980889778269384	2.9234873798632015	-0.08486671600030495	-0.10878627171183539	3.668618703524101e-08	-2.1938086008488617e-09	-3.4944624457808117e-09	-2.9080746405933567e-10	-2.501342861733782e-09	-1.4826742637446636e-09	-0.00012839315054591707	-8.350774269170093e-05	-0.00010916700335773378
662732608.0	-0.2411629311222107	0.14458423495049988	-8.291691744856358	6909162.299279765	0.0019083984674692623	1.588274295773481	4.429175724131326	3.553617037237543e-05	3.395660261080271	1.5385496679979374	-2.424561772791952	-0.9995891657649802	0.02866179378261855	-3.55307413775666e-05	-0.0005364351582117707	-0.01746888075264254	0.999847263557075	0.028656795399904164	0.9994365111313538	0.01747707913226429	1.8861778964245634e-10	-1.2132153419133265e-09	-1.4928391625672115e-09	0.9956416168697467	-0.06254048627724157	0.069184234715741	0.07035555943793137	0.9906377329541424	-0.11699135567918292	-0.06121981716055911	0.12134895806591642	0.9907202250701982	-0.5745253221339042	-0.00047999117817267397	3.0519427206741034	-0.07606501646497325	-0.13299014907416132	3.217842547791903e-08	-2.0560518779777294e-09	1.5451535221319041e-09	-7.275950019101309e-11	-2.0917067253387956e-09	-1.2680755394460165e-09	-0.00012708147456984878	-8.896808924477881e-05	-0.0001242013089095041
662732736.0	0.9171393160949158	0.1438383809412394	-8.245728943170569	6909384.768539501	0.0017909307499856114	1.5882740652038323	4.626385957755749	4.122686523917987e-05	3.338655784744669	1.456358315947814	1.4328132114588625	-0.9938002492826015	-0.11118031672334787	-4.1220569267758985e-05	0.0019021228103450654	-0.017373078738704122	0.9998472673683481	-0.11116405198918237	0.9936483851486072	0.017476848597831284	3.5570684914464984e-10	-1.0565376256447124e-09	-1.4780507302722477e-09	0.9935302303845799	-0.077676310119764	0.08284969618617757	0.08816893826357128	0.987374305393789	-0.13159870582041122	-0.07158155933924767	0.13805206226026046	0.9878348589051973	-2.9804765602876158	-0.0003508455516977481	-3.104263442248628	-0.06376667560079168	-0.1587031602127216	2.8193999518685612e-08	-1.8598971769674554e-09	5.448477187552537e-09	9.35607350052356e-11	-1.7636312477708463e-09	-1.0861794760132707e-09	-0.0001234853127301178	-9.363769958491699e-05	-0.00013885584605203527
662732864.0	2.058510633272071	0.14030216151830865	-8.039636094191309	6910322.120792892	0.0015954725310083906	1.5882730867416242	4.825045074000121	4.6586747377297505e-05	3.280222192807269	1.3168799233932549	1.3382427470244003	-0.9685388213948751	-0.24886251079936472	-4.657963269601822e-05	0.004303981673976104	-0.016937648999563192	0.9998472842330062	-0.24882529451962107	0.968390709768017	0.017475870285057166	5.287663275830909e-10	-9.457446534737296e-10	-1.5057039555511999e-09	0.9907514761087564	-0.09433299331852667	0.0975335786275018	0.10793249103354542	0.9835044432581139	-0.14515366847186828	-0.08223192790889626	0.15433825340178697	0.9845900738730164	-3.0553277199175155	-0.00022053370553107833	-2.978888646974507	-0.047857812092104934	-0.18535091775929796	2.5918634300179025e-08	-1.691602085362362e-09	9.022414218593847e-09	2.3821151940381753e-10	-1.5735412803706065e-09	-9.793302274447462e-10	-0.00011764564810288964	-9.78152323191809e-05	-0.00015372579879274813
662732992.0	3.161199939394147	0.13403504540241828	-7.6769228710162425	6911902.835730314	0.0013324214843901247	1.5882714606145787	5.029888424109104	5.148286067440267e-05	3.2156259841243697	1.1768543271021663	1.30357732551504	-0.9242879096209667	-0.38169602759110277	-5.1474999727537776e-05	0.006622279237227571	-0.016170877680313438	0.9998473124096261	-0.3816385797403188	0.9241464414454131	0.01747424440632206	6.929121225941139e-10	-7.849314750963338e-10	-1.4650150957906074e-09	0.9871820987707555	-0.11250672066003857	0.11319779888712703	0.12961176466842428	0.9790094871289586	-0.15729340282106657	-0.09312515409975658	0.16994899799003632	0.9810428348222514	-3.070582372816099	-9.853805186971748e-05	-2.8552370403068887	-0.028402618322611414	-0.21234050933042242	2.349271654095728e-08	-1.4307577313811873e-09	1.2246422155036012e-08	3.7047906134850705e-10	-1.396563079440259e-09	-8.738636362858261e-10	-0.00010955371334658842	-0.00010143049236995938	-0.00016855440073278798
662733120.0	4.203954271829072	0.12514673086186096	-7.163939956761193	6914005.47725595	0.0010180405019991198	1.5882693121996234	5.250867728290436	5.581084065257614e-05	3.1349166138395663	1.0366936833026363	1.2817441153945506	-0.8618982829836804	-0.5070812032366065	-5.580232054798693e-05	0.008811683069715241	-0.015087461853170106	0.9998473497170997	-0.5070046390628616	0.8617662222545882	0.01747209631935993	8.235247599004583e-10	-5.81280189542996e-10	-1.3406831484272725e-09	0.98270354794131	-0.13212494879231443	0.12975644404109457	0.1530796215823538	0.9738840764908934	-0.1676795605125535	-0.10421308132746473	0.18464236638460857	0.9772649744138624	-3.0734741626946604	6.791575246182242e-06	-2.733358599768142	-0.005514817922269181	-0.23909312185629672	2.0751002040824697e-08	-1.067641948762128e-09	1.5045332224933854e-08	4.902855476794095e-10	-1.2202237663227816e-09	-7.628065840424111e-10	-9.948828414943112e-05	-0.00010428096929219863	-0.000182563294595134
662733248.0	5.1663584437999805	0.11379706008180744	-6.5098773492112	6916467.604893455	0.0006745966906717501	1.588266790856415	5.516799172194718	5.948971494521413e-05	3.009278257522218	0.8964677802539699	1.2647262056607105	-0.782574578209766	-0.622556845598746	-5.948063654327186e-05	0.010829262838467512	-0.013708270044550582	0.999847393555017	-0.6224626547883675	0.7824545081540044	0.017469575360975795	9.023774852963473e-10	-3.646301986191034e-10	-1.1480909454623223e-09	0.9772177075436135	-0.15302441097950809	0.14706828926583465	0.17809700512837096	0.9681367500797753	-0.17604740812995706	-0.11544266467606172	0.19822906645934962	0.9733335648086657	-3.072168658877419	8.887843626626061e-05	-2.6132252144571275	0.020693746000412173	-0.26504813566108354	1.7462120375973976e-08	-5.972725233564278e-10	1.7109831507974415e-08	5.885083793433383e-10	-1.0285036418217729e-09	-6.365288356415988e-10	-8.802762985234028e-05	-0.00010624533320236343	-0.00019497292696930388
662733376.0	6.029214368038265	0.10019522942373196	-5.726730017725353	6919098.024443702	0.00033711509089893625	1.5882640728772661	5.965164546572037	6.246154774063423e-05	2.7012285755538694	0.7561990999018712	1.2500150194617652	-0.6878549550751168	-0.7258481637907163	-6.245201828617283e-05	0.012635335331484856	-0.01205998849916632	0.9998474408520837	-0.725738182183954	0.6877492274070874	0.01746685779653872	9.314421618667414e-10	-1.699682868544322e-10	-9.283138543823936e-10	0.9706577026497705	-0.17496889644998107	0.16495305259905188	0.20433961865690867	0.9617868272455508	-0.1822400043461539	-0.12676334065422426	0.21059910781390517	0.9693188697503873	-3.0693069273076596	0.00014341142732263997	-2.494739135700815	0.05012643864896621	-0.28965277952205126	1.3700442919247882e-08	-4.80479219041058e-11	1.8151263228026076e-08	6.546317942448576e-10	-8.218686195607687e-10	-4.96286924841441e-10	-7.588182520935816e-05	-0.0001073427879973538	-0.0002052810786216202
662733504.0	6.774958123675918	0.08459791427448023	-4.829206613508978	6921691.524962376	0.00017566115070248646	1.5882613639643623	1.226950578526464	6.469806375998102e-05	1.2965940319474911	0.6158982568137182	1.2365679443040127	-0.5795841210154395	-0.8149124139944106	-6.468819662460242e-05	0.014194265587676138	-0.010174650836831722	0.9998474880224358	-0.8147887882704246	0.5794948092935355	0.017464149296835072	9.415951796416693e-10	-1.5013220225751347e-11	-7.321908280228379e-10	0.9629879750941671	-0.19769796336171314	0.18322029119796324	0.23145594816538928	0.9548603264966756	-0.18619855246892406	-0.1381387124700978	0.22171439322987754	0.9652773818710407	-3.0660440713577257	0.0001686469320595534	-2.3777445650590594	0.08266933217997847	-0.31234487985403975	1.0065008193814724e-08	5.565374741849035e-10	1.863942526554658e-08	7.05601213489708e-10	-6.303684364884874e-10	-3.6219240892416905e-10	-6.347902985598703e-05	-0.0001077157873067018	-0.00021352562250261657
662733632.0	7.388101126336899	0.06730595323363371	-3.8345575345172582	6924044.97602066	0.0003997490648225606	1.5882588962657427	2.2355726889652754	6.621327414628798e-05	0.428327381954822	0.47557220318283977	1.2238685034454673	-0.45987969570759746	-0.8879812278945014	-6.620318028123185e-05	0.015475205012246411	-0.008089051246528804	0.9998475310164845	-0.8878463738202215	0.4598085538100662	0.017461681974510538	9.286098623251902e-10	1.0694404239036822e-10	-5.500523736435806e-10	0.9541963035857811	-0.22097485426673455	0.2016916656806308	0.25911908963495717	0.9473879948177947	-0.18791829251530934	-0.14955504541800974	0.23157310089238292	0.9612529257864983	-3.0629853383285344	0.0001654947455144098	-2.262028852514569	0.11813884947460274	-0.3325425991605177	6.503635092327419e-09	1.1657227473631213e-09	1.825429629827088e-08	7.269030789323663e-10	-4.461256866161294e-10	-2.3049113715725758e-10	-5.110671009667494e-05	-0.00010751374197513872	-0.0002198820470731113
662733760.0	7.85567091392525	0.04865934355954683	-2.7623045384783222	6925973.473051549	0.0006355698420691785	1.5882569164414335	2.585563729703927	6.70782023502073e-05	0.218707168484342	0.33522678224877644	1.211625593756544	-0.33109211889897083	-0.9435984338185796	-6.706797727343878e-05	0.016452745668880428	-0.005844045497936305	0.9998475655279524	-0.9434549888378061	0.33104054559425483	0.01745970245202471	8.996156095084733e-10	1.9947100863979478e-10	-3.863358482535472e-10	0.944292667056001	-0.2445850357976498	0.22020335875759633	0.28702935870039575	0.9394036093224731	-0.187443340868514	-0.16101399376546083	0.2402062011184823	0.9572750256618645	-3.0604830880882017	0.00013738306719409492	-2.1473139673820474	0.15628844983346699	-0.3496456787353151	3.3224311847963397e-09	1.7684526156294729e-09	1.7482989250895406e-08	7.353519473442685e-10	-2.8388015025837855e-10	-1.1102950528372481e-10	-3.9015934615044975e-05	-0.00010686737707782371	-0.00022451983166627806
662733888.0	8.167619442409775	0.02903047406677107	-1.6338644938363893	6927325.158089427	0.0008043605015789102	1.5882556640180479	2.8321715415721886	6.743217192939966e-05	0.112481525797717	0.1948676255855959	1.1996556389176531	-0.19575861818975207	-0.9806521089860192	-6.742189379761134e-05	0.017107469700019896	-0.003483749451761115	0.9998475873703052	-0.9805028801002585	0.19572762868596308	0.01745845021953499	8.581487521093132e-10	2.666092774076633e-10	-2.4095731395622834e-10	0.9333063237731277	-0.26833790678178626	0.2386086205254518	0.3149185081750261	0.9309429114194475	-0.1848556974688598	-0.17252721296626122	0.2476692622467552	0.9533594795900664	-3.0587504557990193	8.991777623235092e-05	-2.0332496818273347	0.1968067507186574	-0.363032218689433	5.230027605679059e-10	2.3922038047627956e-09	1.6649262749900575e-08	7.439722785072852e-10	-1.4251423005866e-10	-2.8936099327536855e-12	-2.7395509497209096e-05	-0.0001058905957880223	-0.00022762129896050876
662734016.0	8.317164159604076	0.008815732858823321	-0.47207292140708107	6927993.429136443	0.0008876468700361052	1.5882553425392805	3.0506771889237236	6.748528293314837e-05	0.03436481897283996	0.05450044290442291	1.1878287124781837	-0.056552107454970794	-0.9983996467294679	-6.747499828482809e-05	0.017426374423806755	-0.0010546507273277831	0.9998475929791923	-0.9982475547762903	0.056542312672168825	0.017458128789763404	8.117790362985299e-10	3.1524822629723305e-10	-1.1463617507442246e-10	0.9212825795353335	-0.29206667581051704	0.2567790208052756	0.34255119757856944	0.9220427955935994	-0.18026580411000828	-0.18411161202436338	0.25403570610237913	0.9495097547381259	-3.057910110017097	3.036880085409851e-05	-1.9194082651684856	0.23931458587896617	-0.3720546325639612	-2.008622101827703e-09	3.0402128209539377e-09	1.567518721793417e-08	7.499126820864356e-10	-1.3116021373089835e-11	9.863784480028988e-11	-1.63667468251466e-05	-0.00010467675430431198	-0.00022937278098747967
662734144.0	8.301030203869123	-0.011574164042978348	0.6993737530585487	6927925.480072916	0.0008781510885216008	1.588256088725051	3.2631459017794446	6.75084687525979e-05	6.245472225945926	-0.08586894451987748	1.1760398645802068	0.08377377028062016	-0.9964847971027785	-6.749817967755784e-05	0.017403157168727017	0.0013953451204187252	0.999847579950342	-0.996332818657265	-0.08376217615982348	0.017458874861806847	7.713258510212246e-10	3.5958863878374603e-10	-3.652412068617472e-12	0.9082794717663609	-0.3156286449722651	0.2746032768209296	0.369724343136935	0.9127421359979819	-0.1737978804985935	-0.19578639191675767	0.25938456323924375	0.9457205385807186	-3.058015935053712	-3.2970494677199354e-05	-1.805279460422992	0.2833533456352459	-0.3760352119005553	-4.248498875475216e-09	3.6463100977342783e-09	1.4266765085169815e-08	7.38360184055932e-10	1.0765891469256815e-10	1.9236067934947771e-10	-5.92218613157005e-06	-0.00010327565119080958	-0.00022995174183957975
662734272.0	8.119570362332594	-0.03172461001241097	1.8565273345925655	6927126.456019846	0.0007766052676249186	1.5882579461971447	3.4843896060002284	6.78105841136327e-05	6.164616216673375	-0.22623467893118065	1.1641904310812918	0.22244196122676774	-0.9749459314693896	-6.780024728316485e-05	0.017038349072434032	0.0038179080014854017	0.9998475474988066	-0.974797039668502	-0.22240920459768873	0.01746073205075859	7.42062653317295e-10	4.165584457969012e-10	1.0399962630779766e-10	0.894367211353078	-0.3389018103477127	0.2919809141015243	0.39625956641902194	0.9030857867941453	-0.16557299813619455	-0.20757082472719407	0.2637832910429364	0.9419834011746863	-3.0590611721146157	-9.149721570343326e-05	-1.690264564820522	0.3283661775988013	-0.37426307871294656	-6.035852582644506e-09	4.121253815882974e-09	1.2326426804770641e-08	7.001309306027591e-10	2.1455213951864224e-10	2.7109748144349476e-10	4.0620627632042994e-06	-0.00010166910221658043	-0.00022945685639514472
662734400.0	7.776751382726917	-0.05122770189491099	2.9758117327632556	6925658.919161171	0.0005918999087807782	1.5882608499214246	3.7406994361256087	6.870531316204535e-05	6.048686126441262	-0.3665909666482021	1.152171665576872	0.35671001010433945	-0.934215159356977	-6.869483481008932e-05	0.016339293340272176	0.006165287595897464	0.9998474967323769	-0.934072264969099	-0.3566567330872616	0.017463635332291505	7.331316062969608e-10	5.178737808037093e-10	2.3074541302771064e-10	0.8796329967460775	-0.36177399041250685	0.3088128412105404	0.42198834414206926	0.893130442881842	-0.15570436540418317	-0.21948036004105143	0.2672781170591717	0.9382914151251487	-3.0609774574111217	-0.0001370298728785874	-1.573673776382379	0.3736833761932464	-0.36599514147735085	-7.655160257241498e-09	4.689498329830952e-09	1.0613187207355509e-08	6.767688462331526e-10	3.1743976810298886e-10	3.478823694095843e-10	1.3720050036544153e-05	-9.977538591236093e-05	-0.00022784121074477312
662734528.0	7.280008707790216	-0.06969237077512681	4.034623417643849	6923637.742019373	0.0003460947224577411	1.5882646254803665	4.137003514439986	7.047330071248965e-05	5.792749380251719	-0.5069321349287321	1.1398446158544766	0.48392704244302226	-0.8751083433651965	-7.04625489170435e-05	0.015319970110473684	0.00839129929803399	0.9998474306672519	-0.8749742373968297	-0.48385428950120124	0.01746741031533275	7.881660108778576e-10	7.8241150730336e-10	4.5047918905987076e-10	0.8642024733177573	-0.38411766481611864	0.3249733907378922	0.4467131171258176	0.8829668413414126	-0.14428079594770887	-0.2315199259226005	0.26985769706973484	0.934652527537915	-3.063624250064917	-0.000162501820210654	-1.4547079242994954	0.4184758291357336	-0.3504489216613524	-1.1017113901656788e-08	6.526947069369517e-09	1.089032524706939e-08	8.069602888977838e-10	5.033207072042766e-10	5.146977408750199e-10	2.378938556568553e-05	-9.709781489022989e-05	-0.00022452620646814253
662734656.0	6.63998443275341	-0.08675350087199303	5.011874014542292	6921220.927939341	0.0001642745549518693	1.5882690042024818	5.4832773538833965	7.332631893394347e-05	4.586826603701638	-0.6472525545373089	1.1270075759305473	0.6015880865892437	-0.7988064651082795	-7.33151265502474e-05	0.014000676355770805	0.010452264133095858	0.9998473539676309	-0.7986837641616822	-0.6014972830160642	0.01747178836923286	8.099924540606515e-10	1.1102264187524884e-09	7.566672421075391e-10	0.8482883129094607	-0.4057422163140113	0.34026488517302933	0.4701405409463637	0.8727606253280262	-0.13136499775698657	-0.24366946862477723	0.2714077095029296	0.9311085034959632	-3.0667627495727414	-0.00016256750536301873	-1.3324284583653996	0.4616822732564525	-0.3268009251758861	-1.548142181268319e-08	9.070613621817736e-09	1.0865694346030572e-08	9.73439849431064e-10	7.678893453984721e-10	7.459261326320975e-10	3.439502024078528e-05	-9.318258978704475e-05	-0.00021860057367176276
662734784.0	5.870173365350508	-0.10207962539203273	5.888448611527791	6918597.164941996	0.0004017002196708407	1.5882736518780427	0.44468278402374395	7.737984626852998e-05	3.482567558355461	-0.7875462539303713	1.113332661284308	0.7073843028232067	-0.7068291463525779	-7.736802877875498e-05	0.01240757451399558	0.012307878473394377	0.9998472724482294	-0.7067202418312394	-0.7072772257000577	0.01747643533516833	7.777893766963201e-10	1.4876402462170271e-09	1.1520687273874301e-09	0.8321997758733481	-0.4263849137558772	0.3544565394484101	0.49191125460522817	0.862732457193275	-0.11711543407238989	-0.2558649069901137	0.2718245990094477	0.9277092953853019	-3.069997319920636	-0.00013407869209819756	-1.2058452813818568	0.5020719314691926	-0.29426283063454856	-2.182311438495101e-08	1.2822256636704718e-08	1.0330406329294571e-08	1.203267792358298e-09	1.1719963851982744e-09	1.0872188258665597e-09	4.494988803704974e-05	-8.779877585591428e-05	-0.00020919215697859744
662734912.0	4.986508210770584	-0.11537896650542637	6.647564185513629	6915971.13087307	0.0007471779196260202	1.5882782061347795	0.8234181671386291	8.263869366634491e-05	3.244142275049354	-0.927805786058423	1.0982224701597703	0.799247973017554	-0.6010013900152517	-8.262606558704307e-05	0.010572127321843063	0.013921994244565566	0.9998471924249951	-0.6009084021306593	-0.7991267154062549	0.017480988896176983	6.755249664715369e-10	1.9020316152156246e-09	1.6363044820287228e-09	0.816349527489906	-0.44571040819870306	0.3673086998566093	0.5116242935358908	0.8531530441522726	-0.10183548260606987	-0.26798140090481637	0.2710574021808959	0.9245073571865375	-3.0726362089167303	-7.639601835660972e-05	-1.074014240205016	0.538236168881261	-0.2521676634725854	-3.049257940928776e-08	1.813074908367339e-08	8.440099709850684e-09	1.4926804998893412e-09	1.7776895491509539e-09	1.574014048168359e-09	5.463565567933769e-05	-8.076088690989694e-05	-0.0001954048938199454
662735040.0	4.006916535103331	-0.12640377810425268	7.27502446635327	6913547.684420292	0.001088987203775782	1.5882823161562871	1.0740552554722442	8.899747810532203e-05	3.13379241975604	-1.068018964520148	1.0804295856302513	0.8753914359191046	-0.4834147556719369	-8.898387304777021e-05	0.008530438396772751	0.01526329587875121	0.9998471200236946	-0.4833394930483614	-0.8752583651685709	0.01748509828950858	4.879005768941452e-10	2.3131207268758833e-09	2.182685191310447e-09	0.801254207113012	-0.4633127379758408	0.37859345268114236	0.5288607552309368	0.8443403671056703	-0.08599794214064073	-0.27981779278713076	0.2691294322536867	0.9215591958927797	-3.073314799228051	8.489302807347613e-06	-0.9361771654508035	0.5685637629555653	-0.20010627553809948	-4.107207210506726e-08	2.4860224561391273e-08	3.979312424006863e-09	1.7949249425188211e-09	2.6133157704291407e-09	2.1997945441058804e-09	6.241862762694954e-05	-7.198904130091358e-05	-0.00017646209781827066
662735168.0	2.9508793521902583	-0.13495312817943403	7.759378847391351	6911516.109700713	0.001396571891720824	1.5882856785382107	1.2897065465069173	9.625483711645624e-05	3.058405175583841	-1.2081578437151	1.0567971261267506	0.9343394879042398	-0.3563842197413948	-9.624011704394138e-05	0.006322518475415756	0.01630586584520506	0.999847060554346	-0.3563281452579502	-0.9341971990208253	0.017488460157305725	2.136176789719147e-10	2.679094061302634e-09	2.752904499867968e-09	0.78750923253708	-0.4787353447923028	0.3881258537065706	0.5432268039580815	0.8366417823278494	-0.07025074750326614	-0.2910907901846902	0.26616347929397555	0.9189249992027522	-3.068739881315315	0.00011603784157148981	-0.7919781965435654	0.5912476781921678	-0.1381444604829731	-5.2147308815716514e-08	3.224099918613318e-08	-3.995055768180685e-09	2.032160828616728e-09	3.6460916764812653e-09	2.8990635307689086e-09	6.714283735357662e-05	-6.15938551718689e-05	-0.00015194902265623303
662735296.0	1.839014538654978	-0.140874399598495	8.09200210058882	6910035.547523711	0.0016486635587599787	1.5882880645112176	1.4924615088983089	0.00010413785008837987	2.9958916610104778	-1.348126072240392	1.0162596422793255	0.9749550670609366	-0.22240190280397862	-0.00010412191960458579	0.0039914960864111	0.017029635520294413	0.9998470180347782	-0.222366106165478	-0.9748063321210094	0.01749084576536441	-1.3799836064394483e-10	3.000251810984925e-09	3.344148264209303e-09	0.7757475014055383	-0.4914956325381872	0.3957876416197854	0.5543913661789457	0.8304105190891296	-0.055394791202464766	-0.3014399229851722	0.2623936222205293	0.9166698205180989	-3.0476944005331856	0.00023944963368896258	-0.6417151011670444	0.6043352719179037	-0.06708271979200456	-6.155346167865128e-08	3.891715001665005e-08	-1.5496550154605448e-08	2.119258036374382e-09	4.764819930038326e-09	3.548244166727653e-09	6.772443702055682e-05	-4.9777147507465506e-05	-0.0001216805608578237
662735424.0	0.6926988584726009	-0.14406387551324798	8.267117442363059	6909222.657070479	0.001829724661322602	1.588289336002167	1.690554142288093	0.00011233189645362609	2.9380192683905264	-1.4871776698402375	0.8740305677507747	0.9964582670192157	-0.08408870004029992	-0.0001123147094373229	0.0015827892015129476	0.017420721920774367	0.9998469949077722	-0.08407387743767421	-0.9963059816006785	0.017492117061791535	-5.6354270099947e-10	3.2921206967506094e-09	3.977833441452655e-09	0.7666166185178228	-0.5010791804949649	0.4015203794165289	0.5620787492872367	0.8259982532853812	-0.042359947700569875	-0.31042944417692525	0.25815991254258197	0.9148699469017505	-2.9252289506241285	0.00037014350052615955	-0.48651451964465053	0.6058109686546677	0.011346489897442571	-6.698467073948954e-08	4.3250552388510796e-08	-2.9199327007518467e-08	1.9947126078531337e-09	5.7841104730817135e-09	3.991557947551106e-09	6.317338560985615e-05	-3.6686820411539344e-05	-8.533589299573833e-05
662735552.0	-0.4662684087437743	-0.14446679607441903	8.281787088679204	6909142.413773986	0.0019301930478548188	1.5882894503889882	1.8881665012362374	0.00012051108844329991	2.8806079931896393	-1.5098107053117502	-1.7761709230308707	0.9984388646852299	0.05585533965155349	-0.00012049265027345608	-0.000856748402908298	0.01747165307269027	0.9998469919548099	0.055848898541003354	-0.998285992274417	0.01749223143111145	-1.0560831801266515e-09	3.522296638534186e-09	4.627576585154055e-09	0.7607682920284888	-0.5069140660796295	0.40530202991679304	0.5660346784746185	0.823752445877579	-0.03219706003413281	-0.31754739584539377	0.2539095065595681	0.9136156817122205	-0.294892864169376	0.0004983979951652866	-0.3283450534986896	0.5937189214147407	0.09442835114479964	-6.710082038457638e-08	4.404611252383902e-08	-4.2725841199193536e-08	1.6562766458811085e-09	6.5089646500572434e-09	4.1089200994125445e-09	5.253739035706051e-05	-2.248704008136133e-05	-4.2552035122312334e-05
662735680.0	-1.6159676871825839	-0.1420772218192877	8.135891521868848	6909802.762146568	0.001946886954858821	1.5882884557170223	2.0880775131618323	0.00012836544063390482	2.820881435372516	-1.3714262234599524	-1.989332623866479	0.9808625862523569	0.1947012337343881	-0.00012834580264517142	-0.00327969512433675	0.017181485419615793	0.999847008376115	0.19467365124800348	-0.9807121015573749	0.017491236911322528	-1.5684165995046526e-09	3.5872141337694485e-09	5.159735035863949e-09	0.7588036382232787	-0.5083865158954584	0.4071365730007467	0.5660231674385396	0.8239780237899085	-0.02603824560372238	-0.3222340958712444	0.2502066481270108	0.9129960682780007	-0.10152587561928422	0.0006141077719884427	-0.16983862077036987	0.566367876256485	0.1785916449821552	-6.23683881631688e-08	4.125139504503772e-08	-5.383756613668106e-08	1.1679697121278438e-09	6.837159697374904e-09	3.885725197207164e-09	3.517792252999021e-05	-7.629003331488816e-06	6.262157858382069e-06
662735808.0	-2.734642904379334	-0.13693792161966267	7.832111627993417	6911153.602731051	0.0018830416229814197	1.5882864791949107	2.2926299056496973	0.00013562251492967007	2.7564996717517958	-1.231580291514557	-2.035744331522496	0.9440712888687725	0.3297413882815055	-0.00013560177107279302	-0.00563893504668651	0.0165558158638174	0.9998470419882345	0.3296931966923099	-0.943926120951883	0.017489260691551805	-1.990912710806727e-09	3.3655864595808685e-09	5.359974023049559e-09	0.7611316665835419	-0.5049523514610695	0.4070647477707894	0.5618855619038602	0.8268387395598499	-0.024946223903868622	-0.32398024854571483	0.2477111655073609	0.9130585835724023	-0.07466751656928526	0.0007075953488371023	-0.013909818883177211	0.5226637642844414	0.2597234930469035	-5.4611599060678774e-08	3.585529515718949e-08	-6.155535755062716e-08	6.197433565780434e-10	6.796874974485686e-09	3.4092691683926627e-09	1.149582041672022e-05	6.9368713630715235e-06	5.889697686376267e-05
662735936.0	-3.8009870652387985	-0.12914033731283744	7.375917783934228	6913090.299579552	0.0017478446366542217	1.5882837118938145	2.5041914243526957	0.00014206295388149572	2.6850978341098664	-1.0915599517984202	-2.060997442697691	0.8887771283905885	0.4583396075772501	-0.00014204123247102177	-0.007888529176777168	0.01560668923998514	0.9998470894883845	0.45827173942673627	-0.8886401045287676	0.017486493813644022	-2.373455605834982e-09	3.048776737103157e-09	5.477345612919607e-09	0.7678320445099696	-0.49626691508030224	0.40515811780133465	0.5535876777042368	0.8322606262906769	-0.029714188871316008	-0.3224509800228092	0.2471060479286784	0.9137636272906684	-0.06856191278627288	0.0007704092524256776	0.13685155407145871	0.4624443760097532	0.33370927773277265	-4.930156684528639e-08	3.136126622496017e-08	-7.138218565540594e-08	8.282120214314008e-11	6.9942630749471534e-09	3.015678622483544e-09	-1.7521108043349743e-05	2.0371218625338982e-05	0.00011309128509552483
662736064.0	-4.79444932504449	-0.11882449278332677	6.775558724774307	6915461.5565899415	0.0015554407961066424	1.588280391939292	2.725439283141913	0.00014753051991041435	2.604001468034139	-0.9514883124318825	-2.079454420857835	0.8160506575647085	0.5779803651765392	-0.00014750797050862326	-0.009984576145355003	0.014352399929404852	0.9998471467456732	0.5778941360901704	-0.8159244487614408	0.017483174366647748	-2.522034886149485e-09	2.44889642093529e-09	5.126054306063092e-09	0.7787121071914007	-0.4821279514190577	0.4014474966592659	0.54111768343418	0.8399527852716144	-0.04087751447047358	-0.3174887506485152	0.2490621548427621	0.9149693635508923	-0.06869258895811074	0.0007960375053796742	0.28088265310575655	0.38645246892097923	0.39706068838848513	-4.301154708286581e-08	2.5448968706195338e-08	-7.999955905407869e-08	-5.036157927034746e-10	6.991173164962666e-09	2.494756769088621e-09	-5.012997173086569e-05	3.187415827557754e-05	0.00016613511570450306
662736192.0	-5.6955776661934365	-0.1061785497214578	6.0420328968021755	6918081.147938555	0.0013234247815388947	1.5882767874954085	2.959560440941884	0.00015193781728138522	2.5100260936120202	-0.8113959930363484	-2.094896819260033	0.7273027011068428	0.6863168057716813	-0.00015191460354594064	-0.011886052228032969	0.012817184730644922	0.9998472090964764	0.6862138899243609	-0.7271897702050936	0.017479570473562394	-2.458882831182537e-09	1.7274158797345894e-09	4.469752685497331e-09	0.7931750541949845	-0.4626932575171491	0.3959650020531518	0.5246189578813338	0.849329795101119	-0.05842814548652504	-0.3092705650951713	0.25407449419739175	0.9164048608361115	-0.07113853449025465	0.0007804714039760249	0.41789679393442025	0.29655685962516465	0.44707771154790427	-3.56879359512096e-08	1.8226277330425196e-08	-8.677529905401098e-08	-1.119286222040647e-09	6.710727365394842e-09	1.869847696552743e-09	-8.320286381422388e-05	4.056546743820295e-05	0.0002139615676887355
662736320.0	-6.486401386003823	-0.09143760312003596	5.189018271935708	6920742.632836884	0.0010708643537899734	1.5882731799129772	3.210347294670755	0.00015526880630676093	2.3993813915461377	-0.6712934569361781	-2.1087580352315736	0.6242598285733931	0.7812167703835337	-0.00015524509356028992	-0.013555617572259341	0.011030803756127448	0.9998472716373878	0.7810991689035091	-0.6241623819488122	0.01747596344218158	-2.291359098411989e-09	1.0290912749312348e-09	3.736670738908587e-09	0.8103467482007132	-0.43843395925287626	0.38873359908088345	0.5043565870230025	0.8596061665978709	-0.08186373723097304	-0.2982659565002993	0.26239836455427923	0.9177061171596281	-0.07434534041211353	0.0007225682181205338	0.5489817167299343	0.19555219690469683	0.48189182082406656	-2.71796642045301e-08	9.99150863648657e-09	-9.041717259121152e-08	-1.7127393661765209e-09	6.05582480654664e-09	1.184050591608788e-09	-0.00011464043376356428	4.627457753153591e-05	0.0002547434962183128
