803761200.0,1.0,-472619571.6807811,-139481984771.92313,-60463260199.53586,-1.0,-0.0,0.0,0.0,-1.0,6.123233995736767e-17,-0.0,6.123233995736767e-17,1.0,6720000.0,0.0,1.5707963267948966,0.0,0.0,0.0
803761220.0,1.0,-472035080.92194253,-139481988716.53622,-60463107911.75662,-0.9997373116196282,3.785790967178868e-09,-0.02291959326773133,3.764274170892623e-09,-0.9999999999999458,-3.2937217597200826e-07,-0.022919593267731336,-3.2937192936150773e-07,0.999737311619574,6719987.459277423,3.357840884175949e-05,1.5707966561670725,1.6378926920140215,0.0,4.668214215547809
803761240.0,1.0,-471454124.90272117,-139481992659.0852,-60462955704.35808,-0.9989493846576243,1.5053728595927088e-08,-0.04582714143554661,1.4876204894359986e-08,-0.9999999999997868,-6.52763916406577e-07,-0.04582714143554666,-6.52759846566769e-07,0.9989493846574111,6719954.38434946,6.726540278821978e-05,1.570796979558813,1.6948421580269668,1.4901161193847656e-08,4.634186346234999
803761260.0,1.0,-470876700.8064671,-139481996599.56918,-60462803658.56838,-0.9976366333111077,3.3660778665869476e-08,-0.06871060962964244,3.3044501053770133e-08,-0.9999999999995293,-9.696782462811767e-07,-0.06871060962964275,-9.696570488272842e-07,0.9976366333106371,6719900.832189245,0.00010112428636179015,1.570797296473143,1.7516312035231232,3.332000937312528e-08,4.600318893964447
803761280.0,1.0,-470302803.93957114,-139482000537.98703,-60462651855.52756,-0.9957997474840559,5.9452671612542736e-08,-0.09155797568037155,5.7953738059975974e-08,-0.9999999999991798,-1.2796590189738418e-06,-0.09155797568037252,-1.2795902548997281e-06,0.9957997474832352,6719826.903031087,0.00013521640784747553,1.5707976064539155,1.808198410141728,5.771194914292421e-08,4.566673277349542
803761300.0,1.0,-469732427.734171,-139482004474.3377,-60462500376.243324,-0.9934396924173874,9.226469363475642e-08,-0.11435723645506,8.926766269313269e-08,-0.9999999999987443,-1.5822936843566837e-06,-0.11435723645506239,-1.5821217543116672e-06,0.9934396924161314,6719732.740237684,0.00016960036528853057,1.570797909088581,1.8644849539375317,8.940696716308596e-08,4.533308320651486
803761320.0,1.0,-469165563.75194573,-139482008408.62003,-60462349301.54719,-0.990557708171985,1.3192252511467326e-07,-0.13709641418012175,1.2663272035820212e-07,-0.9999999999982301,-1.877215709186361e-06,-0.13709641418012675,-1.8768513825150725e-06,0.9905577081702148,6719618.530071209,0.0002043312617971066,1.5707982040106059,1.9204352245784604,1.264405455326822e-07,4.500279634599839
803761340.0,1.0,-468602201.6889924,-139482012340.83273,-60462198712.0505,-0.9871553089649794,1.7824312223411274e-07,-0.15976356274891126,1.6968177274294794e-07,-0.9999999999976443,-2.1641066278351954e-06,-0.1597635627489206,-2.1634183113807756e-06,0.9871553089626228,6719484.501368146,0.00023946002198516463,1.5707984909015245,1.9759973551968235,1.6924465733171346e-07,4.467639086559428
803761360.0,1.0,-468042329.3817872,-139482016270.97455,-60462048688.10075,-0.9832342823597264,2.3103563743731854e-07,-0.1823467740117684,2.1803797192043858e-07,-0.9999999999969922,-2.442697704409291e-06,-0.1823467740117844,-2.4415026452083824e-06,0.9832342823567201,6719330.925118029,0.00027503277902246164,1.570798769492601,2.0311236528115013,2.1798519549262258e-07,4.435434370126087
803761380.0,1.0,-467485932.81421405,-139482020199.04416,-60461899309.73804,-0.9787966883100128,2.901023741782254e-07,-0.20483418404472498,2.713187553384771e-07,-0.9999999999962839,-2.71277119085511e-06,-0.20483418404475073,-2.7108268136175778e-06,0.9787966883062962,6719158.113946549,0.0003110903393283806,1.5707990395660876,2.0857709238351383,2.711028665104554e-07,4.403708679637184
803761400.0,1.0,-466932996.1256633,-139482024125.04016,-60461750656.65164,-0.973844858059079,3.552397712006939e-07,-0.22721397939335733,3.2913992478017916e-07,-0.9999999999955225,-2.9741611688351482e-06,-0.22721397939339663,-2.971156753395626e-06,0.9738448580546027,6718966.421503751,0.0003476677293516189,1.5707993009560655,2.139900693773339,3.2917740992269846e-07,4.37250049048988
803761420.0,1.0,-466383501.6201951,-139482028048.96118,-60461602808.137054,-0.968381392894228,4.2623941143349994e-07,-0.2494744032883006,3.911197714381795e-07,-0.9999999999947178,-3.2267539670382526e-06,-0.2494744032883581,-3.2223028727212747e-06,0.9683813928889456,6718756.241758285,0.00038479382642575257,1.5707995535488637,2.1934793243150605,3.911377414586178e-07,4.341843442067867
803761440.0,1.0,-465837429.77674025,-139482031970.80585,-60461455843.053024,-0.9624091627577689,5.028890504397656e-07,-0.2716037618289512,4.5688320852733136e-07,-0.9999999999938736,-3.470488148935064e-06,-0.27160376182903245,-3.4641207919298585e-06,0.9624091627516428,6718528.008199022,0.00042249107342460206,1.5707997972830456,2.246478034538404,4.5686095108854844e-07,4.311766316552313
803761460.0,1.0,-465294759.26035786,-139482035890.5726,-60461309839.77907,-0.9559313047152527,5.84973659243013e-07,-0.29359043013193215,5.26065872605137e-07,-0.9999999999929969,-3.7053540700071775e-06,-0.2935904301320436,-3.6965118563898045e-06,0.9559313047082502,6718282.192945565,0.0004607752749622117,1.5708000321489666,2.298872835657551,5.259919939852653e-07,4.282293104191268
803761480.0,1.0,-464755466.93450886,-139482039808.26004,-60461164876.17326,-0.9489512212819553,6.722764762605893e-07,-0.31542285844090673,5.983181547514759e-07,-0.9999999999920925,-3.931393006997848e-06,-0.3154228584410557,-3.919423417958748e-06,0.9489512212740504,6718019.305769505,0.0004996554712527473,1.5708002581879037,2.3506443906925707,5.982774466241905e-07,4.253443143645697
803761500.0,1.0,-464219527.8743567,-139482043723.86667,-60461021029.530396,-0.9414725786087175,7.645800630102909e-07,-0.33708957819438173,6.733091231823121e-07,-0.9999999999911668,-4.148695865644155e-06,-0.33708957819457636,-4.1328488828192856e-06,0.9414725785998879,6717739.893028511,0.000539133884477966,1.5708004754907623,2.4017778115192896,6.731961368368108e-07,4.22523132495493
803761520.0,1.0,-463686915.3810716,-139482047637.3911,-60460878376.54042,-0.9334993045282955,8.616673582166942e-07,-0.3585792080481604,7.50730299552293e-07,-0.9999999999902247,-4.357401476883182e-06,-0.35857920804840987,-4.336827524492237e-06,0.9334993045185236,6717444.536515593,0.0005792059316160423,1.5708006841963735,2.452262406140288,7.506991456633982e-07,4.197668342280404
803761540.0,1.0,-463157600.997124,-139482051548.8318,-60460736993.24743,-0.9250355864634929,9.633227249327876e-07,-0.3798804598491663,8.302992523219789e-07,-0.999999999989269,-4.557694495320358e-06,-0.3798804598494804,-4.531444062184592e-06,0.9250355864527664,6717133.852226211,0.0006198602971252302,1.570800884489392,2.502091388758995,8.303303549143929e-07,4.1707609838456925
803761560.0,1.0,-462631554.52255905,-139482055458.18738,-60460596955.009026,-0.9160858691984157,1.0693329853077387e-06,-0.4009821445573855,9.117629719280139e-07,-0.9999999999883042,-4.749802917132804e-06,-0.40098214455777476,-4.716828005674485e-06,0.9160858691867261,6716808.489046056,0.0006610790586327203,1.5708010765978138,2.5512615644806766,9.117757404314807e-07,4.144512447248947
803761580.0,1.0,-462108744.03223234,-139482059365.4564,-60460458336.45607,-0.9066548525142686,1.1794884376751587e-06,-0.4218731781127325,9.949009942468855e-07,-0.9999999999873324,-4.933995238040958e-06,-0.42187317811320824,-4.8931527692025824e-06,0.9066548525016112,6716469.127362649,0.0007028378587825347,1.5708012607901347,2.599772999358112,9.949245442524127e-07,4.1189226694299625
803761600.0,1.0,-461589135.8939926,-139482063270.63754,-60460321211.45303,-0.8967474886912066,1.2935838507047683e-06,-0.44254258724369294,1.0795282408515541e-06,-0.9999999999863585,-5.1105772751235276e-06,-0.4425425872442669,-5.06063455793845e-06,0.8967474886775766,6716116.477604068,0.0007451061166069871,1.5708014373721717,2.647628685149548,1.079486028926117e-06,4.093988661924172
803761620.0,1.0,-461072694.78779143,-139482067173.72937,-60460185653.05877,-0.8863689798778065,1.411419429459198e-06,-0.46297951521464176,1.1654975469550744e-06,-0.9999999999853821,-5.279888679415841e-06,-0.4629795152153261,-5.219531031915312e-06,0.8863689798632046,6715751.278708398,0.0007878472721560663,1.5708016066835762,2.694834206705316,1.165438478996884e-06,4.069704843487198
803761640.0,1.0,-460559383.72571063,-139482071074.7306,-60460051733.48781,-0.8755247753298472,1.532801748319305e-06,-0.4831732275088009,1.2527018504412294e-06,-0.9999999999844063,-5.442299168801415e-06,-0.4831732275096082,-5.3701397532266086e-06,0.875524775314274,6715374.29652762,0.0008310190585855176,1.5708017690940654,2.7413974184248415,1.2526728315906758e-06,4.046063363648162
803761660.0,1.0,-460049164.0728798,-139482074973.64005,-60459919524.07229,-0.8642205685200905,1.6575446458924895e-06,-0.5031131174438458,1.341076018359676e-06,-0.9999999999834313,-5.598204513510517e-06,-0.5031131174447888,-5.51279642368391e-06,0.8642205685035478,6714986.322169967,0.0008745737964392237,1.57080192499941,2.787328134812351,1.3410217206623084e-06,4.023054412163418
803761680.0,1.0,-459541995.5692708,-139482078870.45645,-60459789095.224365,-0.8524622941208893,1.7854700771920404e-06,-0.5227887117172318,1.4305982902461942e-06,-0.9999999999824569,-5.7480223085894925e-06,-0.5227887117183234,-5.647872920980931e-06,0.8524622941033798,6714588.170284816,0.0009184587054272121,1.5708020748172051,2.832637838847786,1.4305890827188507e-06,4.000666510654153
803761700.0,1.0,-459037836.35235065,-139482082765.17868,-60459660516.399216,-0.8402561248614762,1.9164089185761975e-06,-0.5421896758783793,1.5212913210024775e-06,-0.9999999999814835,-5.892187569850117e-06,-0.5421896758796318,-5.775775142650146e-06,0.8402561248430029,6714180.677294431,0.0009626162295605769,1.5708022189824664,2.8773394107387964,1.521305661967393e-06,3.97888678386198
803761720.0,1.0,-458536642.9805672,-139482086657.8057,-60459533856.05876,-0.8276084682618661,2.0502017211586705e-06,-0.5613058197249025,1.613222809504783e-06,-0.9999999999805116,-6.031148191403445e-06,-0.5613058197263284,-5.89694066803572e-06,0.8276084682424296,6713764.6995770335,0.0010069843720498465,1.570802357943088,2.9214468786036005,1.613184047070244e-06,3.9577012089726704
803761740.0,1.0,-458038370.45765966,-139482090548.33643,-60459409181.63586,-0.8145259632453574,2.1866994086486995e-06,-0.5801271026201427,1.7065057026968591e-06,-0.9999999999795386,-6.1653603041862484e-06,-0.580127102621754,-6.011836249432272e-06,0.8145259632249586,6713341.111605688,0.0010514970368847639,1.5708024921552008,2.9649751918098852,1.7064920139257882e-06,3.9370948422828502
803761760.0,1.0,-457542972.2577556,-139482094436.77,-60459286559.49926,-0.8010154766316944,2.3257639158457983e-06,-0.5986436387293285,1.801297968726593e-06,-0.9999999999785625,-6.295283576002597e-06,-0.5986436387311364,-6.120955144597632e-06,0.8010154766103328,6712910.804047749,0.0010960843744719994,1.5708026220784728,3.007940017007859,1.8012539429978868e-06,3.9170520231715082
803761780.0,1.0,-457050400.3512536,-139482098323.1056,-60459166054.919205,-0.7870840995129806,2.467268764304154e-06,-0.6168457021717451,1.8978019364327838e-06,-0.9999999999775822,-6.421376494145033e-06,-0.6168457021737599,-6.224814303589742e-06,0.7870840994906534,6712474.68182965,0.0011406731291286418,1.5708027481713909,3.050357556374037,1.89777856766407e-06,3.8975565558597287
803761800.0,1.0,-456560605.2314546,-139482102207.34232,-60459047732.03366,-0.7727391435145097,2.611099571987973e-06,-0.6347237320863657,1.99626320239802e-06,-0.9999999999765952,-6.544091672016217e-06,-0.6347237320885972,-6.323951423766997e-06,0.772739143491211,6712033.662171793,0.0011851869865930386,1.5708028708865687,3.0922443871750724,1.996255125125759e-06,3.878591869849298
803761820.0,1.0,-456073535.9419299,-139482106089.47958,-60458931653.81527,-0.7579881369427164,2.757154494064265e-06,-0.6522683376084635,2.096969110584892e-06,-0.999999999975598,-6.663871220995554e-06,-0.65226833761092,-6.418921887406108e-06,0.7579881369184378,6711588.672598522,0.0012295469200278562,1.5708029906661176,3.133617321491312,2.096938079994735e-06,3.860141160200511
803761840.0,1.0,-455589140.1045976,-139482109969.5168,-60458817882.03905,-0.7428388208225014,2.905344592320097e-06,-0.6694703027547935,2.200246813542804e-06,-0.9999999999745879,-6.781142228499489e-06,-0.6694703027574822,-6.510295597246e-06,0.7428388207972314,6711140.648928125,0.0012736715332595553,1.5708031079371252,3.1744932847363385,2.20023100527592e-06,3.842187509012863
803761860.0,1.0,-455107363.94849646,-139482113847.4534,-60458706477.250755,-0.7272991448262309,3.055594131048301e-06,-0.6863205912149916,2.3064609278924666e-06,-0.9999999999735598,-6.896312382264179e-06,-0.6863205912179179,-6.598653725720725e-06,0.7272991447999546,6710690.533247758,0.0013174774002279509,1.570803223107279,3.2148892115172725,2.306457163009159e-06,3.8247139895639726
803761880.0,1.0,-454628152.33922195,-139482117723.289,-60458597498.736015,-0.7113772630967465,3.2078407976121173e-06,-0.7028103510469185,2.416010800530758e-06,-0.9999999999725135,-7.009765779742772e-06,-0.7028103510500866,-6.68458539419681e-06,0.7113772630694423,6710239.271878315,0.0013608793997951917,1.5708033365606764,3.254821957323286,2.416010880412599e-06,3.8077037546190162
803761900.0,1.0,-454151448.80901307,-139482121597.0232,-60458491004.49017,-0.6950815299667532,3.3620358462791613e-06,-0.7189309192737319,2.529327405593312e-06,-0.9999999999714402,-7.1218589599987715e-06,-0.7189309192771438,-6.768684298970823e-06,0.6950815299383992,6709787.813334192,0.0014037910452286452,1.5708034486538567,3.294308224543291,2.529337691393423e-06,3.791140110410022
803761920.0,1.0,-453677195.58746326,-139482125468.65588,-60458387051.18893,-0.6784204955770285,3.518144164303141e-06,-0.7346738263805513,2.6468698957159993e-06,-0.9999999999703388,-7.2329171936851605e-06,-0.7346738263842071,-6.851545301224666e-06,0.6784204955475948,6709337.106282809,0.0014461248077865224,1.5708035597120904,3.3333645013493873,2.646875776193261e-06,3.7750065777482043
803761940.0,1.0,-453205333.6328379,-139482129338.18686,-60458285694.15974,-0.6614029013958549,3.6761442596266134e-06,-0.7500308007086316,2.769121834238291e-06,-0.9999999999692044,-7.343231064369059e-06,-0.7500308007125287,-6.9337609981873685e-06,0.661402901365307,6708888.097508838,0.0014877924339305318,1.570803670025961,3.372007012050247,2.769131341501506e-06,3.7592869416652794
803761960.0,1.0,-452735802.66397107,-139482133205.61603,-60458186987.35398,-0.6440376756421917,3.836028169978374e-06,-0.7649937727450394,2.8965871382623215e-06,-0.9999999999680316,-7.45305337221027e-06,-0.7649937727491735,-7.015918293259546e-06,0.6440376756104903,6708441.7298878785,0.0015287052557806647,1.5708037798482688,3.4102516776101464,2.896580301269602e-06,3.7439652908880148
803761980.0,1.0,-452268541.19272316,-139482137070.94345,-60458090983.319855,-0.6263339286150671,3.997801293543242e-06,-0.7795548793058982,3.029785765023185e-06,-0.9999999999668137,-7.562596387991003e-06,-0.7795548793102614,-7.0985949825958994e-06,0.6263339285821691,6707998.940374327,0.0015687744944658769,1.5708038893912848,3.4481140851156735,3.029776561433655e-06,3.7290260483640125
803762000.0,1.0,-451803486.55698246,-139482140934.16928,-60457997733.17624,-0.6083009479317418,4.161482141784836e-06,-0.793706467611312,3.1692491767706244e-06,-0.999999999965548,-7.672029482673883e-06,-0.7937064676158941,-7.182356375945463e-06,0.6083009478975956,6707560.658008081,0.001607911556092644,1.5708039988243794,3.4856094650839218,3.1692566484575208e-06,3.7144539939449164
803762020.0,1.0,-451340574.9541805,-139482144795.29364,-60457907286.5871,-0.5899481936771742,4.327102015406809e-06,-0.8074410992501656,3.3155156214413555e-06,-0.9999999999642282,-7.781477154265024e-06,-0.8074410992549531,-7.267751969256552e-06,0.5899481936417238,6707127.80194457,0.0016460283200675804,1.570804108272051,3.522752675604048,3.3154999941831807e-06,3.700234280235186
803762040.0,1.0,-450879741.47530687,-139482148654.31693,-60457819691.73692,-0.5712852934673955,4.494704604837766e-06,-0.8207515540330522,3.4691252684508216e-06,-0.999999999962849,-7.891017470400124e-06,-0.8207515540380278,-7.355312186550217e-06,0.5712852934305782,6706701.279512541,0.0016830374195553716,1.5708042178123671,3.559558192407999,3.4691234608974017e-06,3.68635244251065
803762060.0,1.0,-450420920.13940203,-139482152511.23944,-60457734995.30682,-0.5523220374293658,4.664345517020865e-06,-0.8336308337316456,3.630615240346844e-06,-0.9999999999614042,-8.000680941293414e-06,-0.8336308337367886,-7.445545208086632e-06,0.5523220373911137,6706281.9843038395,0.0017188525138561734,1.570804327475838,3.5960401040673955,3.630596904391771e-06,3.672794403509875
803762080.0,1.0,-449964043.9285063,-139482156366.0617,-60457653242.45157,-0.5330683730999519,4.836091730675511e-06,-0.8460721657028923,3.8005145824648627e-06,-0.9999999999598883,-8.110449834025611e-06,-0.8460721657081779,-7.538933901704278e-06,0.5330683730601901,6705870.794299318,0.0017533885525149676,1.5708044372447307,3.6322121116060613,3.8004972708562422e-06,3.6595464738088728
803762100.0,1.0,-449509044.82304287,-139482160218.78415,-60457574476.77735,-0.5135344002466371,5.010020982579614e-06,-0.8580690063964707,3.979339213488206e-06,-0.999999999958296,-8.220257935162123e-06,-0.8580690064018694,-7.63593287363848e-06,0.5135344002052842,6705468.570034829,0.0017865620309781471,1.5708045470528318,3.668087531905692,3.979335497322324e-06,3.646595348401701
803762120.0,1.0,-449055853.8376242,-139482164069.40747,-60457498740.32037,-0.49373036561263595,5.186221087786634e-06,-0.8696150447440039,4.167586900342747e-06,-0.9999999999566211,-8.329990764732877e-06,-0.8696150447494821,-7.736965654637526e-06,0.4937303655696047,6705076.152811129,0.0018182912376274545,1.5708046567856615,3.7036793043672533,4.167586002288488e-06,3.633928100024368
803762140.0,1.0,-448604401.05724883,-139482167917.9322,-60457426073.526375,-0.4736666575890571,5.3647891970469345e-06,-0.8807042054286047,4.365732300910815e-06,-0.9999999999548579,-8.439486240546066e-06,-0.8807042054341239,-7.842422036515944e-06,0.4736666575442534,6704694.362951266,0.0018484964920248686,1.5708047662811373,3.7390000003662176,4.365735075904192e-06,3.621532169683987
803762160.0,1.0,-448154615.6738798,-139482171764.35913,-60457356515.23079,-0.45335380081680343,5.545830995041979e-06,-0.8913306520333533,4.574222117905046e-06,-0.9999999999530003,-8.548535787848953e-06,-0.8913306520388691,-7.952655573737475e-06,0.4533538007701271,6704323.99810898,0.0018771003742117515,1.5708048753306845,3.774061835107318,4.574219623796731e-06,3.609395354787524
803762180.0,1.0,-447706426.023386,-139482175608.68896,-60457290102.63998,-0.4328024507208943,5.729459843362301e-06,-0.901488790067387,4.793470406373103e-06,-0.9999999999510405,-8.656885885219702e-06,-0.9014887900728498,-8.06798126359932e-06,0.43280245067224055,6703965.831631323,0.0019040279449130664,1.570804983680782,3.8088766815544854,4.793474497928529e-06,3.5975057951945058
803762200.0,1.0,-447259759.62281764,-139482179450.92264,-60457226871.31311,-0.41202338797991,5.915795872463833e-06,-0.9111732698683391,5.023854076500375e-06,-0.9999999999489755,-8.764240033766849e-06,-0.9111732698736935,-8.188673418008003e-06,0.4120233879291654,6703620.610978624,0.0019292069565026223,1.5708050910349305,3.843456086165259,5.023857492810342e-06,3.5858519574644427
803762220.0,1.0,-446814543.20800996,-139482183291.0608,-60457166855.14497,-0.391027512933261,6.104965027121241e-06,-0.920378989379896,5.265708631758608e-06,-0.9999999999467963,-8.870261132758674e-06,-0.9203789893850803,-8.314963738678171e-06,0.3910275128803088,6703289.056204626,0.0019525680545935712,1.5708051970560295,3.8778112862177485,5.265700142950834e-06,3.5744226175109244
803762240.0,1.0,-446370702.7714945,-139482187129.1045,-60457110086.34957,-0.36982583992901596,6.29709807015748e-06,-0.9291010968033268,5.519324180792119e-06,-0.9999999999444973,-8.97457424116571e-06,-0.9291010968082726,-8.4470396067315e-06,0.3698258398737335,6702971.858499602,0.0019740449701286336,1.5708053013691379,3.9119532285677305,5.519326542573573e-06,3.56320684182484
803762260.0,1.0,-445928163.60069317,-139482190965.05453,-60457056595.44462,-0.34842949161500303,6.492329549467347e-06,-0.9373349931218617,5.784941759252595e-06,-0.9999999999420734,-9.0767697010368e-06,-0.9373349931264945,-8.585042596558113e-06,0.34842949155726166,6702669.678798827,0.0019935747018509325,1.5708054035645977,3.9458925897192807,5.784933243466983e-06,3.5521939673833796
803762280.0,1.0,-445486850.3163864,-139482194798.91187,-60457006411.23681,-0.3268496931759257,6.690796733566616e-06,-0.9450763344968687,6.062749995385405e-06,-0.999999999939519,-9.176406595317981e-06,-0.9450763345011064,-8.729067222746964e-06,0.326849693115592,6702383.146458823,0.0020110976890484527,1.570805503201492,3.9796397971388506,6.062740288862159e-06,3.5413735803149264
803762300.0,1.0,-445046686.9114391,-139482198630.67743,-60456959560.80801,-0.30509776651923826,6.89263852108567e-06,-0.9523210345348174,6.352882150303707e-06,-0.999999999936827,-9.27301650958647e-06,-0.9523210345385711,-8.879159927625848e-06,0.30509776645617503,6702112.85800341,0.0020265579744745696,1.5708055998114063,4.013205051785633,6.3528772564810625e-06,3.5307354933470707
803762320.0,1.0,-444607596.7897579,-139482202460.35214,-60456916069.50224,-0.2831851244125376,7.097994329786338e-06,-0.9590652664240712,6.655413560928385e-06,-0.9999999999339912,-9.366107564377484e-06,-0.9590652664272447,-9.035318315853603e-06,0.28318512434660426,6701859.375941549,0.0020399033573615583,1.5708056929024612,4.046598351871127,6.655416441788851e-06,3.520269722024849
803762340.0,1.0,-444169502.8054794,-139482206287.937,-60456875960.91348,-0.2611232645752237,7.307002970814047e-06,-0.9653054649405983,6.970359510182187e-06,-0.9999999999310063,-9.455168682209106e-06,-0.9653054649430879,-9.197490641187399e-06,0.2611232645062762,6701623.227658687,0.002051085536451423,1.570805781963579,4.079829517905342,6.9703516445332756e-06,3.5099664596418516
803762360.0,1.0,-443732327.30236053,-139482210113.4328,-60456839256.87437,-0.23892376372720725,7.5198015140003055e-06,-0.9710383283217395,7.297673545499475e-06,-0.9999999999278695,-9.539674051189269e-06,-0.9710383283234344,-9.365575549300506e-06,0.23892376365509627,6701404.904383137,0.002060060242987914,1.570805866468948,4.112908219127132,7.297675398637265e-06,3.499816050786711
803762380.0,1.0,-443295992.15335906,-139482213936.8406,-60456805977.445724,-0.21659827159742506,7.736524150104914e-06,-0.9762608200072123,7.637246262910346e-06,-0.9999999999245728,-9.619087745180913e-06,-0.9762608200079939,-9.539422079176028e-06,0.21659827152200195,6701204.860228886,0.0020667873636265417,1.570805945882642,4.145844001464447,7.637248522891633e-06,3.489808963359269
803762400.0,1.0,-442860418.8003957,-139482217758.16116,-60456776140.906975,-0.19415850489497055,7.957301055931202e-06,-0.9809701702465933,7.988904570091175e-06,-0.9999999999211122,-9.692868458977482e-06,-0.9809701702463364,-9.71882992434482e-06,0.19415850481608454,6701023.511316044,0.0020712310532269057,1.5708060196633558,4.178646317213724,7.988898725014988e-06,3.4799357588672377
803762420.0,1.0,-442425528.29427403,-139482221577.39536,-60456749763.74722,-0.17161624124561325,8.182257268260956e-06,-0.9851638775725483,8.352411437597514e-06,-0.9999999999174858,-9.760474315741492e-06,-0.9851638775711203,-9.903549953786766e-06,0.17161624116311014,6700861.234969883,0.0020733598375208555,1.5708060872692124,4.211324556685778,8.35240325352929e-06,3.4701870607560363
803762440.0,1.0,-441991241.33474797,-139482225394.54398,-60456726860.65745,-0.14898331309650303,8.411511572538747e-06,-0.9888397101391279,8.72746614345548e-06,-0.9999999999136848,-9.821367703200195e-06,-0.9888397101363898,-1.0093284991105339e-05,0.1489833130102337,6700718.368999405,0.0020731467056545106,1.5708061481626,4.2438880821205025,8.72746394789069e-06,3.4605535204695372
803762460.0,1.0,-441557478.3107239,-139482229209.60782,-60456707444.52336,-0.12627160159190431,8.645175412188189e-06,-0.9919957069245193,9.11370501192156e-06,-0.9999999999097129,-9.875020094663078e-06,-0.9919957069203256,-1.0287690849108001e-05,0.12627160150171324,6700595.211056052,0.00207056919262582,1.5708062018149915,4.276346264242044,9.113701730420334e-06,3.4510257808701397
803762480.0,1.0,-441124159.3405806,-139482233022.5875,-60456691526.419174,-0.10349303042271396,8.883351824362852e-06,-0.9946301787976318,9.510702643016838e-06,-0.9999999999055609,-9.92091681093735e-06,-0.9946301787918309,-1.0486377615650503e-05,0.10349303032845347,6700492.018073209,0.0020656094516552227,1.5708062477117077,4.30870852190416,9.51070042271189e-06,3.441594436568465
803762500.0,1.0,-440691204.3125898,-139482236833.48367,-60456679115.6021,-0.0806595596526678,9.126134407827179e-06,-0.9967417094480154,9.917973625211871e-06,-0.999999999901231,-9.9585616796142e-06,-0.9967417094404508,-1.0688911185305618e-05,0.0806595595541878,6700409.005786768,0.0020582543165492883,1.5708062853565763,4.340984365367505,9.917973788622606e-06,3.432249990621007
803762520.0,1.0,-440258532.9254335,-139482240642.2969,-60456670219.50793,-0.05778317952399625,9.373606328523725e-06,-0.9983291561785786,1.0334974719389813e-05,-0.9999999998967191,-9.987481548979753e-06,-0.9983291561690891,-1.0894815030072675e-05,0.05778317942115274,6700346.348337143,0.0020484953541280502,1.5708063142764457,4.373183443858003,1.0334973179465586e-05,3.4229828069466306
803762540.0,1.0,-439826064.7287959,-139482244449.02774,-60456664843.74726,-0.03487590424543452,9.625839368214928e-06,-0.9993916505606831,1.0761107498093537e-05,-0.999999999892027,-1.0007230614987677e-05,-0.9993916505491037,-1.1103572201070932e-05,0.03487590413808417,6700304.177952728,0.0020363289068278012,1.5708063340255118,4.40531559818986,1.0761104427308313e-05,3.4137830576783896
803762560.0,1.0,-439393719.1640137,-139482248253.67648,-60456662992.10262,-0.011949765765399523,9.882893021391201e-06,-0.9999285989511854,1.1195721420117438e-05,-0.9999999998871538,-1.0017394521296238e-05,-0.999928598937348,-1.1314627551974892e-05,0.011949765653405109,6700282.584714947,0.0020217561255890643,1.570806344189418,4.437390919390716,1.1195721481060944e-05,3.4046406645132388
803762580.0,1.0,-438961415.60478324,-139482252056.24347,-60456664666.52646,0.010983192466767933,1.0144813645413275e-05,-0.9999396828710825,1.1638117316643748e-05,-0.9999999998821014,-1.001759419429815e-05,-0.9999396828548173,-1.1527390173731243e-05,-0.010983192583539969,6700281.616404641,0.0020047829931904835,1.5708063443890912,4.469419814463333,1.1638112161925722e-05,3.3955452329252664
803762600.0,1.0,-438529073.39789784,-139482255856.72894,-60456669867.13998,0.03391092174864563,1.0411633668605817e-05,-0.999424859245434,1.208755126148424e-05,-0.9999999998768709,-1.0007489377354706e-05,-0.9994248592265698,-1.1741236028954973e-05,-0.03391092187032174,6700301.278429667,0.001985420338200159,1.5708063342842742,4.50141308065248,1.2087551561674034e-05,3.386485977873861
803762620.0,1.0,-438096611.9040089,-139482259655.13303,-60456678592.232834,0.056821374378751566,1.0683370860743253e-05,-0.9983843605042977,1.2543238794592027e-05,-0.9999999998714657,-9.986781831061706e-06,-0.9983843604826634,-1.1955510773329786e-05,-0.056821374505452216,6700341.5338333305,0.0019636838397606615,1.5708063135767278,4.533381989879979,1.2543237757698874e-05,3.377451639343876
803762640.0,1.0,-437663950.53839785,-139482263451.45572,-60456690838.26364,0.07970250991385708,1.0960027670068446e-05,-0.9968186945444536,1.3004359464867624e-05,-0.9999999998658895,-9.955218169299774e-06,-0.9968186945198799,-1.2169532750322937e-05,-0.07970251004569562,6700402.303383215,0.001939594023453937,1.5708062820130662,4.565338385373715,1.3004360421058034e-05,3.3684303856920312
803762660.0,1.0,-437231008.81173605,-139482267245.69693,-60456706599.861374,0.10254230142667808,1.1241590630662139e-05,-0.9947286445517424,1.3470061655417457e-05,-0.9999999998601488,-9.912592304032453e-06,-0.9947286445240618,-1.2382596144561946e-05,-0.1025423015637621,6700483.465739908,0.0019131762485462196,1.5708062393872009,4.597294792972869,1.3470056297195021e-05,3.359409702317353
803762680.0,1.0,-436797706.37083346,-139482271037.8565,-60456725869.82759,0.12532874176103004,1.1528029843637422e-05,-0.9921152686838868,1.3939467651900421e-05,-0.9999999998542477,-9.85874747528194e-06,-0.9921152686529362,-1.2593974278358727e-05,-0.12532874190345722,6700584.857705011,0.0018844606869569105,1.570806185542372,4.6292645501635405,1.3939468830711846e-05,3.3503762626015314
803762700.0,1.0,-436363963.0393497,-139482274827.93408,-60456748639.13949,0.14804984978150182,1.1819298535270225e-05,-0.988979899613728,1.4411678912383314e-05,-0.9999999998481952,-9.793577846406574e-06,-0.9889798995793488,-1.2802923035050185e-05,-0.14804984992936365,6700706.274547692,0.0018534822943712345,1.5708061203727433,4.661261956626184,1.4411680215976916e-05,3.341315777337788
803762720.0,1.0,-435929698.85845625,-139482278615.92923,-60456774896.95391,0.17069367661472645,1.2115332694796227e-05,-0.985324143932831,1.4885781495289306e-05,-0.9999999998419971,-9.71702964869219e-06,-0.9853241438948713,-1.3008684392107534e-05,-0.17069367676810288,6700847.470409101,0.0018202807739838944,1.5708060438245455,4.6933024510019,1.4885782710665996e-05,3.332212817941292
803762740.0,1.0,-435494834.1274439,-139482282401.84143,-60456804630.612045,0.1932483118792716,1.241605079420868e-05,-0.9811498814155021,1.536085160059368e-05,-0.9999999998356626,-9.629101863311144e-06,-0.9811498813738176,-1.3210490046365185e-05,-0.19324831203823511,6701008.158783663,0.0017849005334804637,1.57080595589676,4.725402819774239,1.5360849567267564e-05,3.323050607544485
803762760.0,1.0,-435059289.4442472,-139482286185.67,-60456837825.64518,0.21570188990120387,1.272135359198174e-05,-0.97645926414327,1.5835961178318794e-05,-0.9999999998292024,-9.529846432875013e-06,-0.9764592640977255,-1.3407565113143172e-05,-0.21570189006581764,6701188.013076481,0.0017473906359693765,1.5708058566413297,4.757581445700761,1.5835959740311953e-05,3.3138107725431136
803762780.0,1.0,-434622985.7458799,-139482289967.4142,-60456874465.78111,0.238042595912338,1.3031124022223143e-05,-0.9712547154899716,1.6310183557742327e-05,-0.9999999998226272,-9.41936799905762e-06,-0.9712547154404418,-1.3599131880614949e-05,-0.2380425960826562,6701386.667235717,0.0017078047457629781,1.570805746162896,4.789858605234387,1.6310183728228372e-05,3.304473045152999
803762800.0,1.0,-434185844.3487701,-139482293747.0731,-60456914532.95156,0.26025867222819055,1.334522717032912e-05,-0.9655389289676127,1.6782599050469724e-05,-0.9999999998159481,-9.297823167066404e-06,-0.9655389289139843,-1.3784413600410193e-05,-0.2602586724042575,6701603.716458988,0.0016662010701013893,1.5708056246180637,4.8222568270055515,1.6782597765192244e-05,3.2950149049065285
803762820.0,1.0,-433747786.9889697,-139482297524.6456,-60456958007.300354,0.28233842440263757,1.366351033577748e-05,-0.9593148669332424,1.7252300480704534e-05,-0.9999999998091766,-9.165419302043444e-06,-0.9593148668754145,-1.3962638295210914e-05,-0.28233842458448777,6701838.717972589,0.0016226422982070598,1.5708054922141987,4.854801326925235,1.725230161819547e-05,3.2854111435288806
803762840.0,1.0,-433308735.8622296,-139482301300.13068,-60457004867.19257,0.3042702273562675,1.3985803182252294e-05,-0.9525857591571285,1.7718398596606146e-05,-0.9999999998023279,-9.022412866757624e-06,-0.952585759095014,-1.4133042563926205e-05,-0.3042702275439284,6702091.1918823905,0.001577195539422578,1.5708053492077636,4.887520540129352,1.771839550974502e-05,3.2756333329734986
803762860.0,1.0,-432868613.6639216,-139482305073.527,-60457055089.2244,0.3260425314754227,1.4311917974848316e-05,-0.9453551012525755,1.8180027317611964e-05,-0.999999999795413,-8.869107314155821e-06,-0.9453551011861018,-1.4294875364981089e-05,-0.32604253166890995,6702360.62209511,0.001529932262690001,1.570805195902211,4.920446776273099,1.818002734981475e-05,3.2656491701083032
803762880.0,1.0,-432427343.6288014,-139482308844.8332,-60457108648.23401,0.3476438686788801,1.4641649903658871e-05,-0.9376266529678023,1.863634877402468e-05,-0.9999999997884474,-8.705850552427557e-06,-0.937626652896913,-1.4447401758343284e-05,-0.3476438688782022,6702646.457308653,0.0014809282403145003,1.5708050326454492,4.953617033254856,1.863634919436192e-05,3.2554216629729935
803762900.0,1.0,-431984849.5705727,-139482312614.0478,-60457165517.31314,0.36906285844916764,1.4974777492607282e-05,-0.9294044363403298,1.90865580968808e-05,-0.9999999997814459,-8.533032004206507e-06,-0.9294044362649843,-1.4589906586997767e-05,-0.36906285865432475,6702948.112070108,0.0014302634998822796,1.5708048598269009,4.987074016256592,1.9086555291694e-05,3.244908111720653
803762920.0,1.0,-431541055.921266,-139482316381.16925,-60457225667.819725,0.390288213825449,1.5311063091943236e-05,-0.9206927337144092,1.9529887918338144e-05,-0.9999999997744216,-8.35107928527974e-06,-0.9206927336345846,-1.472169807890422e-05,-0.39028821403643166,6703264.967899937,0.001378022289534157,1.570804677874182,5.020867425441379,1.952988617448348e-05,3.2340588209029355
803762940.0,1.0,-431095887.7703948,-139482320146.19577,-60457289069.391174,0.4113087473549386,1.565025345239392e-05,-0.9114960856220833,1.9965612545285005e-05,-0.9999999997673896,-8.160454531740333e-06,-0.9114960855377741,-1.4842111350777402e-05,-0.4113087475717303,6703596.3744808035,0.001324293063625021,1.5708044872494284,5.05505559886663,1.996560985807607e-05,3.222815456540409
803762960.0,1.0,-430649270.9038707,-139482323909.12567,-60457355689.9587,0.43211337699979546,1.5992080378536247e-05,-0.90181928852852,2.039305177173784e-05,-0.9999999997603677,-7.96165040781301e-06,-0.9018192884397384,-1.4950511795502016e-05,-0.4321133772223742,6703941.650909381,0.0012691684984634138,1.5708042884453046,5.089707630364658,2.0393048923770714e-05,3.211108928226361
803762980.0,1.0,-430201131.84267926,-139482327669.95694,-60457425495.76243,0.4526911319964293,1.6336261458544513e-05,-0.8916673924423378,2.0811574298746763e-05,-0.999999999753368,-7.755185829603134e-06,-0.8916673923491146,-1.5046298335537789e-05,-0.4526911322247644,6704300.087009513,0.0012127455516826344,1.5708040819807263,5.124906130288295,2.0811572229171644e-05,3.1988566283664217
803763000.0,1.0,-429751397.8812767,-139482331428.68768,-60457498451.36731,0.4730311586641608,1.668250086706942e-05,-0.8810456983917098,2.1220600733933088e-05,-0.9999999997464051,-7.541601442746951e-06,-0.8810456982940938,-1.5128906525273813e-05,-0.47303115889821523,6704670.944704857,0.0011551255844879913,1.5708038683963395,5.160750867923273,2.122059816020332e-05,3.185958789752342
803763020.0,1.0,-429299997.12569803,-139482335185.31577,-60457574519.680046,0.4931227261601675,1.7030490237620906e-05,-0.8699597557670854,2.161960614657951e-05,-0.9999999997394946,-7.321454894264377e-06,-0.869959755665144,-1.5197811486140539e-05,-0.49312272639989874,6705053.459449161,0.0010964145746138452,1.570803648249791,5.197363640562099,2.1619602772818713e-05,3.1722936164751845
803763040.0,1.0,-428846858.5313665,-139482338939.83908,-60457653661.966736,0.5129552321776535,1.737990960046177e-05,-0.8584153595314501,2.2008122157919776e-05,-0.9999999997326503,-7.095315941026324e-06,-0.8584153594252684,-1.5252530658899803e-05,-0.5129552324230147,6705446.841712184,0.0010367234609729942,1.5708034221108378,5.234894876144406,2.2008122206630374e-05,3.15771068127301
803763060.0,1.0,-428391911.940567,-139482342692.2554,-60457735837.87142,0.5325182085841746,1.77304283816719e-05,-0.8464185472991087,2.2385738550562365e-05,-0.9999999997258837,-6.863761438795037e-06,-0.846418547188789,-1.5292626358648377e-05,-0.5325182088351113,6705850.278519223,0.0009761686815787902,1.5708031905563355,5.273532728116733,2.2385735292846175e-05,3.1420218306604033
803763080.0,1.0,-427935088.11958104,-139482346442.56247,-60457821005.43556,0.5518013269970493,1.8081706458718912e-05,-0.8339755962840564,2.2752104385085914e-05,-0.9999999997192099,-6.627370257118902e-06,-0.8339755961697185,-1.531770811889013e-05,-0.5518013272535061,6706262.935041976,0.000914872999307072,1.5708029541651538,5.313515820987952,2.275210185014078e-05,3.12498843936161
803763100.0,1.0,-427476318.79545194,-139482350190.75784,-60457909121.11826,0.570794404292806,1.843339526756711e-05,-0.821093020119055,2.3106928616250503e-05,-0.9999999997126405,-6.386718166183671e-06,-0.8210930200008345,-1.5327434812139687e-05,-0.5707944045547222,6706683.956238588,0.0008529667642184756,1.5708027135130629,5.355151454827569,2.3106925614168614e-05,3.1063032058062263
803763120.0,1.0,-427015536.69236875,-139482353936.83926,-60458000139.81742,0.5894874080476005,1.878513895608046e-05,-0.8077775655466302,2.3449980205696553e-05,-0.9999999997061852,-6.1423727421544525e-06,-0.8077775654246782,-1.5321516535639366e-05,-0.5894874083149115,6707112.468540334,0.0007905898525699666,1.5708024691676388,5.398842159632834,2.3449977776701977e-05,3.0855635977512947
803763140.0,1.0,-426552675.56764185,-139482357680.80423,-60458094014.89166,0.6078704619055603,1.9136575578222658e-05,-0.7940362089832632,2.378108773243786e-05,-0.9999999996998554,-5.894888337571915e-06,-0.7940362088577452,-1.5299716251921804e-05,-0.6078704621782001,6707547.581582544,0.0007278946816282352,1.5708022216832342,5.445125343838294,2.3781086166408384e-05,3.0622322037664147
803763160.0,1.0,-426087670.2472511,-139482361422.6503,-60458190698.18326,0.625933850872016,1.9487338323333008e-05,-0.77987615295813,2.4100138506898516e-05,-0.9999999996936602,-5.644801162970877e-06,-0.7798761528292246,-1.5261851175172905e-05,-0.6259338511499151,6707988.389977033,0.0006650509853801317,1.5708019715960597,5.494734046677698,2.4100139586202436e-05,3.0355759808658767
803763180.0,1.0,-425620456.6609506,-139482365162.37497,-60458290140.04167,0.6436680265285872,1.983705677456178e-05,-0.7653048224278253,2.4407077198681992e-05,-0.9999999996876074,-5.392624525043439e-06,-0.7653048222957232,-1.5207793895675169e-05,-0.6436680268116748,6708433.9751233645,0.0006022535699618516,1.5708017194194217,5.548692734469967,2.44070740344953e-05,3.004570458218127
803763200.0,1.0,-425150971.8768999,-139482368899.97574,-60458392289.34815,0.6610636121671127,2.0185358190381978e-05,-0.7503298609685746,2.4701903992523283e-05,-0.9999999996817042,-5.13884426547684e-06,-0.7503298608334771,-1.51374732358687e-05,-0.6610636124553158,6708883.407055965,0.0005397353048961594,1.570801465639162,5.608473183698948,2.470190080612282e-05,2.967743854062612
803763220.0,1.0,-424679154.1358074,-139482372635.4501,-60458497093.54101,0.6781114078394176,2.0531868802959626e-05,-0.7349591268475312,2.498467229109959e-05,-0.9999999996759572,-4.883914442941562e-06,-0.7349591267096486,-1.5050874832967891e-05,-0.6781114081326627,6709335.74632413,0.00047778971204815183,1.5708012107093396,5.676256858333757,2.4984670816594882e-05,2.922914698387194
803763240.0,1.0,-424204942.8845622,-139482376368.79562,-60458604498.64182,0.6948023953199437,2.087621512705962e-05,-0.7192006889748176,2.5255485987353274e-05,-0.9999999996703699,-4.6282532987289904e-06,-0.7192006888343677,-1.4948041444393991e-05,-0.6948023956181548,6709790.045901747,0.0004168119868694352,1.5708009550481954,5.755391983210225,2.5255485720568117e-05,2.866734759545648
803763260.0,1.0,-423728278.80932736,-139482380100.00964,-60458714449.28237,0.7111277429782707,2.1218025273093283e-05,-0.7030628227380723,2.5514496332894286e-05,-0.9999999996649471,-4.372239544076774e-06,-0.7030628225952792,-1.4829072973805189e-05,-0.7111277432813727,6710245.353123439,0.00035737719115872647,1.5708006990344408,5.8512139242563315,2.5514495577535972e-05,2.7938686640323627
803763280.0,1.0,-423249103.8680826,-139482383829.08978,-60458826888.732475,0.7270788105585954,2.155693025787301e-05,-0.6865540057213249,2.5761898432521267e-05,-0.9999999996596909,-4.116209004590916e-06,-0.686554005576417,-1.4694126216764855e-05,-0.7270788108665112,6710700.7116437,0.00030039681837737094,1.5708004430039013,5.972533244929355,2.5761896998203944e-05,2.6955058400465384
