662731200.0	-8.315761842958494	1.5833187325140706e-05	-0.00011868398368578604	6928137.0	0.0	1.5882496193148399	0.0	0.0	0.0	0.0020415725312457056	-1.749473398103404	0.0	1.0	-0.0	-0.017452406437283477	0.0	0.9998476951563913	0.9998476951563913	0.0	0.017452406437283477	-1.2213241697000242e-09	-1.2472785862521679e-09	-2.5954416552143816e-11	1.0	0.0	0.0	0.0	1.0	0.0	0.0	0.0	1.0	-0.08386845390363178	-1.1950234900710162e-16	1.5707963267948966	-0.08387325052086048	7.659709467837732e-17	0.0	6.586426422620576e-10	-3.165206438124134e-08	-1.5496710869489637e-09	-1.5826032190620665e-09	-3.293213211310288e-11	0.0	0.0	0.0
662731456.0	-7.987781266286989	0.040124205356756516	-2.3053799165661415	6926625.708790921	0.0004044864208730321	1.5882513494338288	2.270003006553484	3.4882724019049657e-07	4.293456648484051	0.2822720699324228	-1.77316660162913	-0.27697442494177105	0.9608772907754943	-3.486227645595792e-07	-0.016771379738677428	-0.0048340144298700235	0.9998476649600943	0.960730913809812	0.2769322378785794	0.017454136292740854	-1.459916572838388e-09	-1.983890504896565e-09	-5.337622862077263e-10	0.999998576285392	-0.000467940625731533	0.0016212522196531898	0.0004752760423616247	0.9999896396377652	-0.0045271105371898	-0.0016191170039553918	0.004527874634215023	0.9999884383388762	-0.08196738920378692	-0.0003683887501112444	1.8502357117906318	-0.08505084012581	-0.005674968448756071	1.3361026649320854e-08	6.388435253688455e-10	-4.077400575012602e-08	-1.9897119823523493e-09	-2.7063745975497383e-09	-6.94401842268407e-10	-3.636334165185859e-05	-1.3657942972752767e-05	-5.372077063338617e-06
662731712.0	-7.032106285120886	0.07702923877857143	-4.425669436936804	6922670.49306801	0.0008790162571290067	1.588256756473191	2.8658904223458017	2.8657532618428316e-06	3.9778441364450714	0.5624950762824514	-1.7977764027024308	-0.5322041600387131	0.8466160475854909	-2.8652793561141042e-06	-0.014783053552187335	-0.009289615733573479	0.9998475705662317	0.846486971763394	0.5321230788175274	0.01745954250816638	-1.3314950749408945e-09	-2.3568752393785174e-09	-1.0680014487844292e-09	0.9999658623484733	-0.003601580926733943	0.007436582044350648	0.003740139272223538	0.9998180894434866	-0.018702924364941004	-0.007367869155905483	0.01873009974358169	0.9997974284162252	-0.07684154198019343	-0.0006509464510366936	2.1257312011666443	-0.08880741440893974	-0.01617461685589584	2.7357324116469282e-08	1.025239254726727e-12	-3.881620779724625e-08	-1.880311880743408e-09	-3.335612293761357e-09	-1.3253154875643736e-09	-7.388990361121824e-05	-3.1960927142505536e-05	-2.1407830888925148e-05
662731968.0	-5.528612946593009	0.10784586189559019	-6.1942011755271436	6917497.703029047	0.0013787105721796945	1.588263819190081	3.372874379344812	8.906806850365621e-06	3.7511412307848957	0.8427011211363079	-1.8250236084742193	-0.7457236644345442	0.666255368626031	-8.905441881780172e-06	-0.011643858771881253	-0.01301932765822529	0.9998474471939348	0.6661536135571252	0.7456100058906932	0.017466604148054968	-9.50127908244876e-10	-2.3348482877930822e-09	-1.4708881337346723e-09	0.9997600208037464	-0.01185913040595923	0.018419061553374128	0.012617679700908463	0.9990535103760051	-0.04162784602098289	-0.017907958048248112	0.041850262023024803	0.9989633930265645	-0.07046843410770165	-0.0007885116373572532	2.396587876729557	-0.09298868003171322	-0.03583568188671711	3.688743450953895e-08	-9.920021662210616e-10	-2.9073870852862914e-08	-1.415026971231243e-09	-3.4218002893489764e-09	-1.6785615399508496e-09	-0.00010447001324523364	-5.175592641192987e-05	-4.702582433042239e-05
662732224.0	-3.5990484692352562	0.13023212903176137	-7.476132850258933	6912685.044731657	0.0017762661994005122	1.5882700769128664	3.819592953712338	1.831197509003545e-05	3.584722203868694	1.1228540591094849	-1.8604565284194003	-0.9009232987979608	0.4339783512432089	-1.8309181353249513e-05	-0.007599336024190147	-0.0157337629257194	0.9998473377452124	0.4339118110572602	0.9007859009533972	0.017472860915865338	-4.408439260521005e-10	-1.925620842098278e-09	-1.5986538428693663e-09	0.9990282489553903	-0.026897347136707266	0.03491547659898213	0.029310031326604147	0.9970785644447969	-0.0705355115409001	-0.03291625514483819	0.07149034229677764	0.9968980143954193	-0.06912089011564516	-0.0007616296974232401	2.662543017456533	-0.09334891772580702	-0.06686773089834683	4.103946836713438e-08	-1.9076863618032425e-09	-1.643639307913135e-08	-8.507758055443958e-10	-3.176323039664596e-09	-1.7556138063131513e-09	-0.00012289370939398632	-6.967686968545683e-05	-7.804720967205845e-05
662732480.0	-1.3944277794507896	0.1425309781383019	-8.176889746326532	6909685.44913971	0.001938248518681106	1.5882737111386198	4.231605842080768	2.9681631922762757e-05	3.4530459749983557	1.4026068923908885	-1.945844493417723	-0.985797947100361	0.1679357216674991	-2.9677099395536907e-05	-0.002964178888809997	-0.017223309417302296	0.9998472739654947	0.16790956237281152	0.9856474780573083	0.017476494586694785	6.660516810319486e-12	-1.4192099143884904e-09	-1.5333241919351428e-09	0.9971906146092099	-0.049054693900616286	0.05660843701801939	0.054636686091940445	0.9933147742613984	-0.10168870029122233	-0.05124168877190709	0.10449591494572465	0.9932043561581165	-0.11563419165866848	-0.0005943313811170172	2.9234757632599995	-0.08495356709305629	-0.108774276384332	3.669624500676665e-08	-2.1975971276177634e-09	-3.4946982607838827e-09	-2.9108869419137957e-10	-2.5020381236610498e-09	-1.483215390915126e-09	-0.00012835113263873527	-8.3520693640416e-05	-0.0001092931055506373
662732736.0	0.9171883255351043	0.14383887272104878	-8.245757089995106	6909401.784212746	0.0017855509988875732	1.5882740651699456	4.628653635152441	4.122691101947589e-05	3.336393618314578	1.4563528698766472	1.4328058269987773	-0.9938001953206167	-0.11118079906874688	-4.122061434935634e-05	0.0019021311938843591	-0.017373077786838376	0.9998472673689385	-0.1111645342617211	0.9936483311950196	0.017476848563949893	3.5616190258075246e-10	-1.056766034184549e-09	-1.478407552995792e-09	0.9935184857205023	-0.07779654153821215	0.08287772110967728	0.08829134872446938	0.9873651479033696	-0.1315853428242339	-0.07159368877250533	0.13804985632172984	0.9878342881766634	-2.9804835719858844	-0.0003458259213482933	-3.104274842609788	-0.06388974697211475	-0.1587046671557576	2.820072159617216e-08	-1.8638008675990488e-09	5.450698611845033e-09	9.343211497767586e-11	-1.7641395134728261e-09	-1.0866236128947408e-09	-0.00012342706477985285	-9.365797587889183e-05	-0.00013900240501417112
662732992.0	3.161258582243598	0.13403503039511555	-7.6769218933378	6911922.791817517	0.001327807671590987	1.588271460544849	5.034346144320926	5.1482923212590624e-05	3.211174854568928	1.176847743278196	1.3035765439308518	-0.9242877776689206	-0.38169634711661315	-5.147506087840161e-05	0.006622284744361707	-0.01617087534989324	0.9998473124108413	-0.3816388992183744	0.9241463095139493	0.01747424433660289	6.935250715639925e-10	-7.850937407829756e-10	-1.4653481619608926e-09	0.9871594914220384	-0.11266582058675954	0.11323670503372398	0.12977280189170048	0.9789939580213749	-0.15725727343057921	-0.09314053029997175	0.16993305455135738	0.9810441369206002	-3.0705827925255216	-9.230237205088626e-05	-2.8552491558333073	-0.02856537775521854	-0.21237016562919475	2.3497106559581936e-08	-1.4351126444545901e-09	1.2250170750407166e-08	3.704657753459395e-10	-1.3970381417192525e-09	-8.74255642648275e-10	-0.00010947887007016684	-0.00010145342787832123	-0.00016870801294171
662733248.0	5.1664079736818875	0.1137964671307388	-6.509843215934303	6916490.550172552	0.0006720902918717355	1.5882667907612857	5.52830107900318	5.9489744805104966e-05	2.9977835768385424	0.8964605569586633	1.264725881850472	-0.7825746402643788	-0.6225567675940309	-5.948066779067309e-05	0.010829261388403738	-0.013708271068995324	0.9998473935566771	-0.6224625767970792	0.7824545702001943	0.017469575265861088	9.030651103875083e-10	-3.6472139660522356e-10	-1.1482994621742384e-09	0.9771790903136993	-0.1532229658482659	0.14711814364772374	0.17829595578929963	0.968112114730401	-0.17598149181493725	-0.11546245105172176	0.19819600411938645	0.9733379507387128	-3.0721686250917895	9.618945029387742e-05	-2.613240517704801	0.02049616166219803	-0.2651218957301621	1.7463957760061027e-08	-6.016467675484207e-10	1.711392460581632e-08	5.886006477464315e-10	-1.0289889797948542e-09	-6.368138807635536e-10	-8.793353075168064e-05	-0.00010627066971947569	-0.00019513275326359878
662733504.0	6.774978532537527	0.0845968762483393	-4.829147000248596	6921717.4510094	0.0001842606118021686	1.588261363875272	1.2287557448648856	6.469803801987734e-05	1.2947961150532337	0.6158910090291689	1.2365677542509224	-0.579584885323832	-0.8149118704004751	-6.468817229729733e-05	0.014194255986344093	-0.01017466407821986	0.9998474880239935	-0.8147882447612721	0.5794955734872308	0.017464149207758378	9.42068093047331e-10	-1.5075653331322573e-11	-7.320148524424435e-10	0.9629275608037872	-0.19793647496012903	0.18328028951534026	0.23169124807678673	0.954823507883747	-0.1860946919103201	-0.13816540163546592	0.22166014678542081	0.9652860203680441	-3.0660438865855766	0.00017681279084275127	-2.377769841679489	0.08244547131253721	-0.3124777015229451	1.0060962324345081e-08	5.523608006074574e-10	1.8634923832892447e-08	7.054536994731862e-10	-6.306522361595758e-10	-3.6217993582493834e-10	-6.336033950795538e-05	-0.00010774352464609538	-0.00021369448688507724
662733760.0	7.8556479337931115	0.048658194661407195	-2.7622386887249566	6926002.340506082	0.0006390343909896238	1.5882569163843825	2.5726928293679485	6.707812786988117e-05	0.23158459586717942	0.3352202563173221	1.2116254659074095	-0.3310942328930741	-0.9435976920525205	-6.70679025616054e-05	0.01645273254701362	-0.005844082268529761	0.9998475655289536	-0.9434542471877919	0.3310426592685532	0.017459702394982315	9.000067964243345e-10	1.9928845250598943e-10	-3.8613023101965704e-10	0.9442048224296272	-0.2448626126760701	0.22027154653764294	0.2872975512068047	0.9393512332901794	-0.18729489471630628	-0.16105083163774583	0.24012821872838624	0.9572883934317404	-3.060482791132175	0.00014612313573177877	-2.147360982606932	0.15605276610053576	-0.3498523344944288	3.3197038036676402e-09	1.7645143227006768e-09	1.7475219554838155e-08	7.351070454517686e-10	-2.8431820251570683e-10	-1.1093732517992363e-10	-3.888616849136752e-05	-0.00010689728068049103	-0.000224686322201076
662734016.0	8.317095577334237	0.008814935235862156	-0.4720274449646508	6928025.215939836	0.0008883300538095672	1.5882553424919308	3.0405324469520245	6.74851825799277e-05	0.04451453061589834	0.054495473992327126	1.1878286253803287	-0.05655615598958364	-0.9983994174010822	-6.747489769746977e-05	0.017426370105450017	-0.0010547212886066893	0.9998475929800258	-0.998247325488343	0.05654636059184796	0.017458128742420906	8.121104527579947e-10	3.1492318341596335e-10	-1.1445783962347737e-10	0.921162407902659	-0.29238082933644804	0.2568526209784633	0.3428471070471677	0.9219713169400978	-0.18006874223231983	-0.18416210103157285	0.2539337342226758	0.949527239823779	-3.057909686376125	3.936329070402202e-05	-1.9194938462030973	0.23908837866688118	-0.3723485319205298	-2.0081969608056986e-09	3.0361785436074855e-09	1.5664756543008794e-08	7.495262024650624e-10	-1.3792717423762128e-11	9.876140687453603e-11	-1.6227410932669215e-05	-0.0001047096518545239	-0.00022953795746219133
662734272.0	8.119469294917955	-0.03172459532178846	1.856525909414134	6927161.188672715	0.0007746948167068161	1.5882579460591095	3.47306289933173	6.78104514969414e-05	6.175945462247262	-0.22623721742978664	1.1641903843118484	0.22243572069721146	-0.9749473552767128	-6.780011300701448e-05	0.017038373345687273	0.003817799040943399	0.9998475475012258	-0.9747984632690211	-0.22240296501941284	0.01746073191274441	7.423741665822431e-10	4.1606690538164786e-10	1.0408138069443199e-10	0.8942103109059085	-0.33925009722453786	0.2920570002631338	0.3965778764628936	0.9029916884551276	-0.16532391986987158	-0.20763888790335117	0.26365769875749767	0.9420035616260483	-3.0590605982595913	-8.258641024457564e-05	-1.690409258112825	0.328175236585604	-0.3746555555627479	-6.0311922807534e-09	4.1172942339606016e-09	1.2315945898523549e-08	6.996471817056127e-10	2.1362517528331794e-10	2.7120523317103533e-10	4.209593906290737e-06	-0.00010170629399890758	-0.0002296226273833221
662734528.0	7.279902305077803	-0.06969123028679004	4.034557135723044	6923675.4810120445	0.00034032342379649276	1.5882646251085488	4.117778384845946	7.047302502026645e-05	5.811973759675636	-0.5069313849118644	1.139844632923658	0.48391893351213894	-0.8751128274820008	-7.046227297027627e-05	0.015320047406244913	0.008391157401641126	0.999847430673766	-0.8749787208475097	-0.4838461818118634	0.017467409943571946	7.882205205451737e-10	7.812064641826146e-10	4.501563805637663e-10	0.8640062133183091	-0.38449678044797525	0.3250469030347743	0.44704603161127104	0.8828485003507476	-0.14397350815011234	-0.23160982053438678	0.2697049336841608	0.9346743495883748	-3.063623523174457	-0.00015400997565132783	-1.4549300036505943	0.4183464572077626	-0.35094613735599006	-1.1002771456642978e-08	6.5197405461071795e-09	1.087595820644515e-08	8.059969287300078e-10	5.017063920388629e-10	5.146401253949819e-10	2.3973144709974495e-05	-9.71281977173176e-05	-0.00022468650234070428
662734784.0	5.870097027846593	-0.10207730997179958	5.888314860390289	6918637.9482795745	0.00040206785485144824	1.5882736511915816	0.4654543743622048	7.737920779312775e-05	3.4617911376286887	-0.7875414250351271	1.1133328308480044	0.7073753889033879	-0.7068380671611196	-7.736739080408818e-05	0.012407728792021051	0.012307721965132648	0.9998472724602756	-0.7067291613058034	-0.7072683131541816	0.01747643464881201	7.778595150199883e-10	1.485372436703288e-09	1.150758496307816e-09	0.8319615863055366	-0.42679351660121034	0.354523924579354	0.4922529746150609	0.8625878276142283	-0.11674437303095424	-0.255982280430891	0.2716422902254705	0.9277303154831483	-3.069996515325064	-0.0001263155558686928	-1.2061592888409025	0.502036364752538	-0.2948668321427577	-2.1791127161490994e-08	1.2809903485631336e-08	1.031531386880113e-08	1.2016174214086056e-09	1.1687556975986863e-09	1.0870197928509697e-09	4.513754612146438e-05	-8.784726073340988e-05	-0.00020938257393461775
662735040.0	4.006905328621794	-0.1264005539681084	7.274838880790685	6913591.465986294	0.0010928796143780727	1.5882823152343795	1.0802208026553617	8.899623311461709e-05	3.1276172848389363	-1.0680093831258528	1.0804303078399293	0.8753835204701546	-0.4834290890827427	-8.898262812897148e-05	0.008530686778407529	0.015263155995934146	0.999847120039925	-0.4833538243071706	-0.8752504509554242	0.017485097367741727	4.882186288522441e-10	2.30950899718217e-09	2.179919708573831e-09	0.8009681876399037	-0.4637549388288554	0.3786572580853197	0.5292129811558534	0.844164282911027	-0.08555865843645516	-0.2799706823311724	0.2689200999723825	0.9215738694569533	-3.0733143286708198	1.526402716722378e-05	-0.9365872291077544	0.5686672900837513	-0.2008051362760475	-4.100759482363801e-08	2.4841302017713756e-08	3.9714298101313745e-09	1.792207534579608e-09	2.606913077177921e-09	2.199461088679934e-09	6.263184061011623e-05	-7.206541800699033e-05	-0.00017671577091521047
662735296.0	1.8390942527525602	-0.1408708207072291	8.091796861943754	6910082.177150405	0.0016537362484981947	1.5882880635933483	1.495418469561655	0.00010413586923895716	2.9929198304624154	-1.3481112491101928	1.0162649755802478	0.9749505125063396	-0.2224218679057083	-0.00010411993842399988	0.003991842683393016	0.017029553324637816	0.9998470180510388	-0.22238606825882096	-0.97480177830721	0.017490844847635686	-1.372229336962362e-10	2.9955244328135495e-09	3.3398533677446992e-09	0.775404234113618	-0.49198234786345885	0.3958555836532205	0.5547619474238741	0.8301975773225645	-0.05487407674134709	-0.30164126940646585	0.26215520593439107	0.9166718020056867	-3.047698366853269	0.00024505067339708106	-0.6421969343973094	0.6046288127939194	-0.06783351010379501	-6.145020503794321e-08	3.8898197803270125e-08	-1.5480773379107603e-08	2.1157724671183117e-09	4.754529304626055e-09	3.5481411741911188e-09	6.801094703039495e-05	-4.989073518708848e-05	-0.00012202746150483667
662735552.0	-0.4660883534497639	-0.1444636076590368	8.28160524102769	6909191.685547974	0.0019356246713006118	1.5882894497662305	1.889713052861783	0.00012050844899837606	2.8790409442078335	-1.5098303407406557	-1.776074410272687	0.9984402517723885	0.055830539338670465	-0.00012049001040055815	-0.0008563170235678937	0.017471673579076908	0.9998469919660216	0.055824101979741546	-0.9982873792147727	0.01749223080844922	-1.0549434392817273e-09	3.517121191680123e-09	4.622077522358476e-09	0.7603564148612553	-0.5074628589089125	0.40538817102541563	0.5664361439577288	0.8235007935594694	-0.03156798734831279	-0.31781789942927646	0.2536294340862614	0.9135994160284063	-0.29498791561994653	0.0005027346671904208	-0.328839981592839	0.594249985290042	0.09370594821609168	-6.697769568985832e-08	4.4042506251575814e-08	-4.2679272659197014e-08	1.6533337731862184e-09	6.496995535827915e-09	4.109898534813258e-09	5.2961225811943386e-05	-2.2645851227122746e-05	-4.30028241886293e-05
662735808.0	-2.734373275739282	-0.13693591754503093	7.831998791807074	6911205.35763122	0.0018881789895820096	1.5882864790647202	2.293262846839359	0.0001356194835732463	2.755840454034561	-1.231606531746408	-2.035740185228984	0.9440809723596479	0.32971366250345685	-0.00013559874046204225	-0.005638451648200115	0.01655598033984127	0.9998470419909226	0.3296654751281559	-0.9439358030467663	0.01748926056138127	-1.9902742127743343e-09	3.3617544115219944e-09	5.355093749234852e-09	0.7606431981019612	-0.5055847740840032	0.40719278161044076	0.5623340555361827	0.8265569088385667	-0.024167880243476422	-0.32434909459631617	0.24736150198780132	0.9130224269802407	-0.07467021902053482	0.0007106826867223948	-0.014353137732319297	0.5234659195132999	0.25912173588434034	-5.44997655655453e-08	3.5879337420378976e-08	-6.149697892142476e-08	6.184376516594042e-10	6.787640632802561e-09	3.4120593434086776e-09	1.210726595968487e-05	6.7328374876637345e-06	5.838148122357749e-05
662736064.0	-4.7941209191055005	-0.11882435393925707	6.7755538020700925	6915515.787425411	0.0015596943518530566	1.5882803923039588	2.7252412406558753	0.00014752745253417823	2.6041674966486523	-0.951520311778201	-2.0794527627158224	0.8160702940566349	0.5779526394096847	-0.00014750490364578614	-0.009984091227944424	0.014352737673782192	0.9998471467397503	0.5778664145636686	-0.8159440823491806	0.017483174731258735	-2.5225076261347163e-09	2.4471384259398813e-09	5.122505896484986e-09	0.7781547953173548	-0.4828567471009469	0.4016521832427875	0.5416282990420862	0.8396701201454193	-0.039910838274252014	-0.31798411941696403	0.248602999004576	0.9149222090891381	-0.06869295420800091	0.0007979950996853768	0.2805150736164596	0.38753303244978116	0.3966462868925611	-4.2896167826935264e-08	2.550110904923919e-08	-7.992538040187144e-08	-5.033955727614594e-10	6.98519534747717e-09	2.4988804339064324e-09	-4.935660187054633e-05	3.163491979147866e-05	0.00016562109339260633
662736320.0	-6.486060682127717	-0.09143974703219568	5.1891448566090155	6920799.527661184	0.0010737489366403345	1.5882731805558563	3.209158536540663	0.00015526600764281692	2.4005326189627967	-0.6713309782971288	-2.1087569680412575	0.6242899611249789	0.7811926909146054	-0.0001552422952140876	-0.01355519433195172	0.011031324829418487	0.9998472716265875	0.781075093153786	-0.6241925099951984	0.01747596408496245	-2.2944884700342014e-09	1.0302188653508842e-09	3.7371391378633905e-09	0.8097411084294825	-0.4392622347646132	0.3890604405860235	0.5049514367034138	0.8593682169068253	-0.08068651895788972	-0.2989036364625749	0.2617918197346538	0.9176718690411445	-0.07434540429009606	0.0007236068438414358	0.5486492703816029	0.1968997253861019	0.4817075149109159	-2.708110156034801e-08	1.0076727380339784e-08	-9.037663975246487e-08	-1.7119876782496312e-09	6.05864740665165e-09	1.1885134332209377e-09	-0.00011382328543307187	4.601968969641694e-05	0.000254278922368692
662736576.0	-7.674856658128509	-0.056834295399077084	3.1919795737727528	6925423.906074457	0.000574370507159408	1.5882670457666728	3.776317903655797	0.00015898821448313125	2.113647448583639	-0.3911151521861116	-2.134099974179077	0.3836215176954722	0.9234903929611206	-0.00015896395073242682	-0.01607224810749956	0.0068485822368668904	0.9998473782343562	0.9233505369044811	-0.3835604137940462	0.017469830232332523	-1.777870624063857e-09	-1.7401765099703526e-10	2.2253476234055432e-09	0.8484914814071031	-0.378846696639749	0.36950965674083497	0.4544630162582498	0.8793798986227802	-0.14196605492737566	-0.2711559935406804	0.28838546139384147	0.9183181653564454	-0.08030850469710565	0.0004904465310056682	0.8029597758001723	-0.024743218585435753	0.5010432162712269	-7.802344448712982e-09	-5.760085430531977e-09	-8.177797598494018e-08	-2.422489101874123e-09	3.5448233211812897e-09	-1.8555005205196798e-11	-0.00016833406970600862	4.93791852511547e-05	0.00031385791384061317
662736832.0	-8.262154126821448	-0.01769583449005908	0.9395259912665024	6927960.055273806	0.00014769124686454262	1.5882638575000556	4.45920712125047	0.00015991016730389974	1.711031578600928	-0.11088772837201799	-2.1580252134586146	0.11285470352565506	0.9936114886255474	-0.00015988577236685433	-0.0173370159428453	0.002130032912940697	0.9998474337807679	0.9934602376392998	-0.11283471376803104	0.017466642452185172	-1.4730304920072213e-09	-1.234842734053759e-09	9.340266984935162e-10	0.8875976760803692	-0.30719344905762275	0.3432237612299148	0.3931334096726001	0.8935220252705471	-0.21694356997988054	-0.24003434674213486	0.3274913360876917	0.9138560812138721	-0.08358363506634789	0.0001457563475934476	1.0701460622366692	-0.24743804206443124	0.4446170163387024	1.0268138591664449e-08	-1.8890255354246176e-08	-7.572962200335344e-08	-2.9561948490340067e-09	9.508105057110753e-10	-6.380022820936354e-10	-0.0002113982768435743	4.3469510072628354e-05	0.00034547679124527226
662737088.0	-8.19826641921931	0.022860022111158135	-1.38843854104825	6927633.192594288	0.00023930480991750304	1.588264632990179	1.9681288787505562	0.0001600277231876953	4.482384070160919	0.169343468266552	-2.1816236206956665	-0.16677491076206336	0.9859949814980031	-0.00016000330737452357	-0.017249467221585168	-0.0027553887326494347	0.9998474202164565	0.9858440977258408	0.16675222425408473	0.017467417823999683	-8.788940880549723e-10	-1.8174624852879948e-09	-3.2176276232324203e-10	0.9219722678505178	-0.2301751649607233	0.31142660571935216	0.32509306595214393	0.897021816297182	-0.2994434162855141	-0.2104320217657189	0.3773211556780358	0.9018575883660255	-0.08318895294550795	-0.00023224612348654038	1.3803228159700789	-0.43614310711387827	0.30030796577974367	2.3804228009476213e-08	-2.2935657056192974e-08	-5.4448203950824706e-08	-2.4795296888021962e-09	-1.4739567689499526e-09	-4.6313966798606894e-10	-0.0002427825136622945	3.02624962484355e-05	0.00035076908042455315
662737344.0	-7.4887352882522915	0.06158350010413749	-3.604756646404009	6924559.465540435	0.0006777855859088981	1.5882691733539729	2.621941756603949	0.00016156409209239147	4.108846460986097	0.4495711876984938	-2.2057332888579126	-0.43330647758636365	0.9012466201804649	-0.00016153942908846163	-0.015816528448404282	-0.007425147913118678	0.999847340650716	0.901107837003729	0.43324288429443053	0.017471957494903722	-5.84464937972107e-10	-2.256470631381552e-09	-1.2318060800005185e-09	0.9487428301038184	-0.1536281852911613	0.2761981589561048	0.2552585641156024	0.8877747766545672	-0.3830130694657485	-0.1863601560748381	0.4338828489581929	0.8814848640831469	-0.07922931655913046	-0.0005566094618872356	1.7482302285717528	-0.5487473578702482	0.06743827842050854	3.570358964837635e-08	-2.4147766996497225e-08	-4.027418206056821e-08	-1.986647986517715e-09	-3.1682834320552273e-09	1.3846353481106376e-10	-0.00026040425608294483	1.401150290805404e-05	0.00033579977869605676
662737600.0	-6.193437001980569	0.09541039302308234	-5.533359712820876	6919696.750612315	0.0011751415559209109	1.5882760540761391	3.1696508439171738	0.00016623759890440904	3.8414166299431667	0.7297874665157179	-2.2316006682261564	-0.6658532076184095	0.7460827556496525	-0.00016621220216380745	-0.013151315381245454	-0.011514350998930827	0.9998472196414893	0.7459668550331296	0.6657536642357249	0.0174788371663396	-4.765448146425826e-10	-2.7179561382814638e-09	-2.056045325544896e-09	0.9671386327400315	-0.08203412422597983	0.2406517557056647	0.18880534732029158	0.8656451046405909	-0.4636928871947947	-0.17028037433893098	0.4938916432520974	0.8526873042568046	-0.07297539356403572	-0.0007557610528943468	2.1402602005147444	-0.552545579186418	-0.21048013629627302	4.9955090154243127e-08	-2.393285762692458e-08	-2.998170370025363e-08	-1.526476424333232e-09	-4.562914681369503e-09	1.0989475570345316e-09	-0.00027454520795883755	-7.0845694229205505e-06	0.00030231248716321396
662737856.0	-4.4187197620798635	0.1217367314923405	-7.0251580306107995	6914537.676158356	0.001629180548541493	1.5882830788196762	3.641440678078917	0.00017460538451930562	3.6499190984326106	1.0099730168653993	-2.2624652869822723	-0.8462811657663339	0.5327364808152867	-0.00017457868848622777	-0.009463076319848385	-0.01470496492582123	0.9998470954066401	0.5326524557868286	0.8461534175402674	0.017485860836299542	-3.6497475823309324e-10	-2.5600516427291616e-09	-2.2731583909021783e-09	0.9778344051178177	-0.018480819773791297	0.2085625456988193	0.13083459478323806	0.8316148440387734	-0.5397212799049825	-0.16346921721164917	0.5550452328187815	0.8155995368741668	-0.06821914983090377	-0.0007926593229216055	2.4886837554591836	-0.4498980394125875	-0.4593386626384405	5.371553060936596e-08	-1.5854002967146797e-08	-1.481067166589386e-08	-7.985866800273228e-10	-4.513348504093382e-09	1.9349651364170484e-09	-0.0002855171478774203	-2.941688271025839e-05	0.0002582097438461514
662738112.0	-2.305403361441424	0.13860257906346715	-7.968696177320653	6910651.820534374	0.0018992121735377098	1.5882880923316376	4.067484554697631	0.0001857951918038666	3.5041965014691336	1.290006984100198	-2.3139573559645266	-0.960603974618314	0.2779207970595317	-0.00018576676818355333	-0.005039498695254682	-0.016750182710576683	0.9998470057124054	0.27787516513786925	0.9604579438689426	0.017490873581528576	-3.2222068893829613e-10	-2.0601030360473553e-09	-2.0260161810014485e-09	0.9826547529080109	0.036490578367588	0.1818187951717177	0.08370461253882008	0.7876115170048794	-0.6104601838949029	-0.16547862226590518	0.6150906729675483	0.770895770906357	-0.08153365165322016	-0.0006739688755656814	2.7603344610511966	-0.2715779366362325	-0.6412333508857376	4.485584740602246e-08	-4.865251256387843e-09	-1.7161475834022686e-09	-2.7017769994368263e-10	-3.22667809660153e-09	2.0858054498840384e-09	-0.00029440163199735583	-4.87008424640236e-05	0.00021506313203231844
662738368.0	-0.016061152999014734	0.1447827065197503	-8.295416071484045	6909216.901634919	0.0018771578676859669	1.588289831976308	4.470264887587646	0.0001978150114247971	3.3817871314257224	1.553307698177844	2.4340291341578175	-0.9999988767890854	0.0014856990821781365	-0.0001977847435296196	-0.0002237430227715074	-0.017492300192785682	0.999846972977878	0.0014820120199644478	0.9998458941918014	0.01749261296004676	-3.405186217352279e-10	-1.5629735869883465e-09	-1.661144520252959e-09	0.9834698298029366	0.08413231625160661	0.16033978679517588	0.04731379989233716	0.7353373586101213	-0.6760476117641698	-0.17478128677616114	0.6724587142675968	0.7192014873444297	-1.5772090455775305	-0.0004468553652946864	2.96476378606939	-0.04849414646670802	-0.7608626759119774	3.063196623917948e-08	3.0406367372794806e-09	4.989976710680637e-09	-9.440851424896666e-11	-1.7592558890588975e-09	1.6515460863922744e-09	-0.0003030492580047089	-6.373290080292504e-05	0.00017833180773343225
662738624.0	2.276236963665034	0.13981726412600748	-7.981377128518463	6910670.030236462	0.0015340266281484729	1.588288414444464	4.870613110409973	0.00020836151894863583	3.2618804957555776	1.2897123490413553	0.9116049748274129	-0.9614158789944062	-0.2750990080246996	-0.00020832964164429956	0.0046115499911949746	-0.016873616476994594	0.9998469956316646	-0.275060431949221	0.9612678174425761	0.017491195645078297	-4.4095472984354953e-10	-1.4018796035909581e-09	-1.5146552475162562e-09	0.9816151774066124	0.1260864634943495	0.14329636146278424	0.02074666601498281	0.6758205139985675	-0.736774191125052	-0.1897398728107711	0.7262016500822619	0.6607797999966042	-3.060112868887881	-0.0001841153688657257	3.1236492220735204	0.1993099619546642	-0.8330635431122375	2.4825069629643458e-08	8.86083922654724e-09	8.992440814815238e-09	-1.5800901317802795e-10	-1.0290363607590767e-09	1.45018585874131e-09	-0.00031312856577356583	-7.581459620277095e-05	0.0001471542092620881
662738880.0	4.39769046379604	0.12402365607107473	-7.04773113214878	6914574.663391937	0.0009384819156098638	1.5882851967421339	5.312248426942143	0.00021576218091692425	3.1007727592862206	1.0094717248797456	0.8601475651419291	-0.8477872087967164	-0.5303364988963065	-0.00021572918361732895	0.009091649209963575	-0.014940476681268171	0.9998470503387903	-0.5302586072053105	0.8476555786962913	0.017487978434910224	-6.049721328537069e-10	-1.20586961977369e-09	-1.2612175648575954e-09	0.9778559903450921	0.16365601589404444	0.1304391452283686	0.003768253483358311	0.609409134246199	-0.7928469633939347	-0.209244981808177	0.775781680345048	0.5952976751416968	-3.0734016238327246	3.826559169370281e-05	-3.026017780222059	0.45953988174085375	-0.8667710316334369	2.1080589613069308e-08	1.5686343985109528e-08	1.2749774565799036e-08	-3.7697547193253427e-10	-5.07200052346679e-10	1.2473145800583647e-09	-0.0003269418209226369	-8.686941008710967e-05	0.00011903963408952116
662739136.0	6.183696450534535	0.09850790448529104	-5.56096980022701	6919745.13536877	0.00027486299706283937	1.5882820889559728	6.194339899657358	0.0002195764185605148	2.4992992509771357	0.7289604336469891	0.8292853940702988	-0.6678432433814447	-0.7443019240003949	-0.0002195428497366608	0.012867426047471637	-0.011840534793499266	0.9998471038527426	-0.7441907226085697	0.6677383077711766	0.01748487112392733	-7.173229004116795e-10	-7.843529008612507e-10	-8.189507259953988e-10	0.9726746275008491	0.19821085011303535	0.12089883338375196	-0.004237977787668323	0.5357993855607102	-0.8443346836279061	-0.23213381606382905	0.8207505573133854	0.5219984809455016	-3.0686565697080446	0.0001642956320588127	-2.89662311210649	0.724906382763872	-0.8593788341165923	1.3781448479935955e-08	2.071625441776407e-08	1.3912615582548941e-08	-6.570512482259624e-10	-5.353596449099143e-11	7.305730922191759e-10	-0.0003446079180662584	-9.521687423832106e-05	9.830655982265158e-05
662739392.0	7.49064346167059	0.06515464841623858	-3.631815306233039	6924601.406089897	0.00046607480576970624	1.5882807279044182	2.306278347422823	0.00022057807997114356	0.38487397988534683	0.44832493100789295	0.8034137108381988	-0.43552289920082604	-0.9001776244896843	-0.00022054436332819498	0.015642228076022963	-0.007812968216980024	0.9998471274292177	-0.9000417351281689	0.4354528698903586	0.017483510280423244	-7.334796184720934e-10	-3.7563884350737505e-10	-4.639040648213484e-10	0.9664293791463473	0.2309213978716755	0.11264796104589316	-0.004771798436608327	0.4544902732822912	-0.8907389187811814	-0.2568880788640962	0.8602987268947799	0.44033466300160184	-3.062423285585763	0.00017439360014729436	-2.7321606437734722	0.9893285327309694	-0.7821976339913886	5.133048102431305e-09	2.2367346505828054e-08	1.229264702880109e-08	-8.759772189488283e-10	1.5623393876164917e-10	8.150356509048215e-11	-0.0003639675467303187	-9.996760732704444e-05	8.583607657065492e-05
662739648.0	8.209491452667777	0.02654779769740341	-1.410177510407177	6927653.360746904	0.0008392370241386188	1.5882819772035834	2.8643329602745244	0.0002202467459182716	0.10757430609503156	0.16761762301146077	0.779295392941173	-0.16896479211154697	-0.985622062726329	-0.0002202130747275591	0.017196162881334222	-0.0031713225687233088	0.9998471056593221	-0.9854720650575848	0.16893517153115767	0.017484759388621558	-6.781879398705364e-10	-9.424294112852122e-11	-2.8580204653565046e-10	0.9594018346996536	0.2622562291624023	0.10377759797016015	0.0007984885027072786	0.36542279361765484	-0.9308413099560956	-0.28204163166286234	0.8931337258049247	0.35037789005410136	-3.058487957021262	8.973458140611889e-05	-2.397347250009654	1.2354615950830758	-0.5049493371439308	-2.395305262149592e-09	2.0036086818470023e-08	8.700132159414685e-09	-9.21030594738697e-10	9.116982541220964e-11	-4.635373225909101e-10	-0.00038272570285735185	-0.00010183004019776937	7.865117308060177e-05
662739904.0	8.278603335768963	-0.014217394573920773	0.9258640800196505	6927963.381065146	0.000873070897998456	1.588285919975228	3.2946702602459714	0.0002201902155042126	6.24119906792806	-0.11311591156188294	0.7556830184522608	0.11089556523542987	-0.9938320407102063	-0.00022015653836491764	0.017405243451032188	0.0017206543741943895	0.9998470367255857	-0.9936796420937307	-0.11088243416480102	0.017488701557398376	-6.253559650432005e-10	8.740220662605384e-11	-1.8665589944902098e-10	0.9518320997308896	0.29211057227564247	0.09320443920051512	0.011676139384942885	0.2692227685274673	-0.963007148818465	-0.3063973265075093	0.9177093845391375	0.25284414930515664	-3.0581164103756238	-3.649241022159174e-05	-1.3933065156768236	1.3579061969112134	0.4697437672848746	-6.980670644704629e-09	1.5032352724652567e-08	4.801344575811929e-09	-7.812794565196964e-10	-1.2884862296918495e-10	-7.324941093786298e-10	-0.00039973575316745117	-0.00010183303665698788	7.38345970611209e-05
662740160.0	7.692004314854593	-0.053826453707935554	3.1866925485843125	6925436.602760624	0.000552034192146217	1.5882921057381487	3.786204314836101	0.00022183825403378367	6.0304246951830445	-0.3938293914418076	0.7317345237351728	0.38202373488359803	-0.9241524856799546	-0.00022180430059776714	0.01625266506561036	0.006478512533746969	0.9998469281613137	-0.9240095869978036	-0.3819688627190853	0.017494886373939797	-8.260093918712369e-10	4.210875044451145e-10	3.308839904778434e-10	0.9439676174187929	0.32017702966138295	0.08007375938409148	0.027122177192653973	0.16654267106715703	-0.9856611619710635	-0.32892176086269775	0.9326039933385609	0.14852699027433225	-3.061406202623492	-0.00013755907128789832	-0.5485742495531349	1.1977808073229335	1.3143372790784311	-1.4809661001249325e-08	1.6478627720258037e-08	3.1201754305560866e-09	-9.290259293275833e-10	-5.955326195834389e-10	-1.2643515818671432e-09	-0.0004187518948192151	-9.986280666881561e-05	7.478856417550372e-05
662740416.0	6.500195867933107	-0.08908703463073159	5.190330754768676	6920846.659807023	0.00017685846994482612	1.5882996883384863	5.878443216025873	0.00022637059337704202	4.218892645982439	-0.6744773852320907	0.7063472581733115	0.6231076167636498	-0.782136079402541	-0.00022633591566964485	0.01383032229001929	0.01072892319181039	0.9998467944602805	-0.7820138234817073	-0.6230152835235797	0.01750246781327848	-9.816270316937105e-10	9.43518809826066e-10	1.0194197743185162e-09	0.9362612467103582	0.34579000055552434	0.06200123727939927	0.045157874917562096	0.05656338910252223	-0.9973772352255525	-0.3483900748317835	0.9366054978106031	0.03734296760646039	-3.0673604073834158	-0.00015537913552086726	-0.3198579453886189	0.9438489814784785	1.5756936700192916	-2.9909260104544655e-08	1.8139653481896506e-08	6.643803447595909e-10	-1.0838879575056971e-09	-1.710785820566675e-09	-2.084987747344218e-09	-0.00044297719056982077	-9.430077055244213e-05	8.814812799197827e-05
662740672.0	4.803284744402032	-0.11724035544351455	6.779872357156539	6915595.1924461005	0.0008114913165947778	1.588307371613561	0.8792436091585487	0.00023456845489491546	3.215534897359401	-0.9550111525117555	0.6769345708956733	0.8152968720889547	-0.5790431377336908	-0.00023453248986227726	0.010330316999150263	0.014140187625647452	0.9998466580654298	-0.5789510298053401	-0.8151742756843064	0.017510149910912962	-9.187278010169096e-10	1.6167445922191702e-09	1.7064315057771633e-09	0.9295054304868111	0.3670623892062354	0.03584490376243382	0.06274089159590263	-0.06160241049782278	-0.9961268611691029	-0.36343257313741045	0.9281542681316873	-0.08028959665892543	-3.0729340132578433	-5.988352825272687e-05	-0.2647494025387629	0.6735095596201857	1.7030076010856285	-5.0168119534311154e-08	1.2624446307168206e-08	-2.6507831974750473e-09	-7.594986848217438e-10	-3.5641319778166525e-09	-2.6002020783455866e-09	-0.00046866769474822036	-8.377343330375071e-05	0.00011529067809731813
662740928.0	2.738854678116797	-0.13617969116352638	7.835816067516764	6911285.809678012	0.0014484185370977854	1.5883134550996925	1.3304150053160526	0.00024642287446696005	3.044900323992957	-1.2353244702382735	0.6327708105742064	0.9436787478205625	-0.3308630535526965	-0.00024638506587376766	0.00602794719745006	0.016448190110754563	0.9998465486736778	-0.33080822958989387	-0.9435354242612548	0.01751623246403417	-5.00530532118167e-10	2.4188019481790774e-09	2.283455690776604e-09	0.9247564086684386	0.380558601948895	-0.0008573851843662328	0.0761170989857646	-0.18717084678804308	-0.979373912943692	-0.37286964460605154	0.9056170408044173	-0.2020544568575695	-3.0665270313040094	0.00013983831348152179	-0.28603584626570044	0.40077098118450516	1.8041161176829312	-6.428255863038869e-08	-3.176130493286995e-09	-2.85633576762083e-09	3.410300101880821e-10	-5.180920273697466e-09	-1.913991632927613e-09	-0.0004883151308616842	-6.708292732373687e-05	0.00015524389475392411
662741184.0	0.4682335155464692	-0.14455737275004188	8.282341034381568	6909240.784772698	0.0018548865538238362	1.588316296251408	1.7292169161265252	0.0002607584570566442	2.9265465496420116	-1.513474202276877	0.35417689778299144	0.9983743889670992	-0.056995714579857804	-0.0002607184354900287	0.0012587668324931082	0.01747573761655672	0.9998464952685582	-0.05698240922102745	-0.9982214619583616	0.017519073179786536	4.001798418906112e-10	3.2797716661001196e-09	2.5922647030669344e-09	0.923052856565904	0.38156977603243114	-0.04876402366586613	0.0808972499493569	-0.3164856044660098	-0.9451415222687105	-0.3760705504771094	0.8684707065781463	-0.32300088680915295	-2.827293171718154	0.0003960729810524462	-0.36397570994308376	0.1334099554197501	1.913982805032695	-6.352010033844763e-08	-2.111660299816282e-08	3.409545824276083e-09	1.7520987810711794e-09	-5.304555140665573e-09	-2.1137554616634581e-10	-0.0004907211796763294	-4.333487866682051e-05	0.00020445604345289503
662741440.0	-1.8359041010663302	-0.14180818383859722	8.088983448171527	6910098.506613703	0.001940375893878284	1.5883150907769479	2.1279315058901265	0.00027534989585965787	2.8082059322544897	-1.3443393095136136	-2.4197838485529126	0.9752145553742176	0.22126114704568062	-0.0002753076401909036	-0.0036075810076679955	0.01714458657980786	0.9998465124759304	0.22123190625572106	-0.9750638789120626	0.017517867890318936	1.9749514974462657e-09	4.415112910413979e-09	2.6405833487717367e-09	0.9248914763380389	0.36525680233070856	-0.10565616569035788	0.07255553176197263	-0.44230446195695894	-0.8939253088170741	-0.3732444933391249	0.8191179593221661	-0.435585028333056	-0.09296366986532748	0.0006353335231732574	-0.49919651485474204	-0.11886164114422315	2.052181756715475	-6.034079272552226e-08	-3.767183824573038e-08	1.585037707460666e-08	3.3262699545002334e-09	-4.662993201368261e-09	1.5801668397448445e-09	-0.0004618637310610887	-1.2320152110221829e-05	0.00025583781006741015
